epoch,loss,mse,val_loss,val_mse
0,2.4344518184661865,0.7368543744087219,2.3310718536376953,0.6208106875419617
1,2.6024222373962402,0.8222276568412781,2.1018123626708984,0.39163997769355774
2,2.272749662399292,0.4927540123462677,2.076814651489258,0.3668939471244812
3,2.316150665283203,0.5365065336227417,2.0655336380004883,0.3559696674346924
4,2.2601993083953857,0.48085278272628784,2.0816268920898438,0.3722161054611206
5,2.2740321159362793,0.49472522735595703,2.0783472061157227,0.36901041865348816
6,2.2676610946655273,0.48863136768341064,2.1515121459960938,0.4426170289516449
7,2.3808395862579346,0.6025553941726685,2.4642508029937744,0.7565450072288513
8,2.3901500701904297,0.6135895252227783,2.1348628997802734,0.4292854964733124
9,2.253507375717163,0.48067671060562134,2.7140796184539795,1.0162646770477295
10,2.452169895172119,0.7086504697799683,1.9958038330078125,0.4535623788833618
11,2.0671491622924805,1.07706618309021,1.3385828733444214,0.8043131232261658
12,1.4974920749664307,0.7589678168296814,1.0500532388687134,0.3741779327392578
13,1.2461979389190674,0.48219677805900574,1.2363386154174805,0.3673386871814728
14,1.0139936208724976,0.47204354405403137,0.8763746619224548,0.3785295784473419
15,1.006450891494751,0.5193557143211365,0.867572009563446,0.36239251494407654
16,0.9041712284088135,0.45348742604255676,0.8862389922142029,0.39823776483535767
17,0.9418477416038513,0.46473512053489685,0.8711553812026978,0.3735598027706146
18,1.0440768003463745,0.5651372671127319,0.866550624370575,0.356014609336853
19,0.9224599003791809,0.46491724252700806,1.1086814403533936,0.4680333435535431
20,0.9343962669372559,0.4539862871170044,0.8362085819244385,0.35426953434944153
21,0.8408750891685486,0.42901504039764404,0.8064504265785217,0.34044161438941956
22,0.8277732729911804,0.4236632287502289,0.7922009229660034,0.3310605585575104
23,0.8364966511726379,0.42164936661720276,0.7848547101020813,0.33297985792160034
24,0.811557412147522,0.3989109396934509,0.801103413105011,0.35523343086242676
25,0.9799701571464539,0.5462738871574402,1.1467738151550293,0.3290749490261078
26,0.93538498878479,0.4247407913208008,1.025686264038086,0.55350661277771
27,1.009466290473938,0.5554356575012207,1.4937559366226196,0.8397897481918335
28,1.04548180103302,0.5394906401634216,1.0105035305023193,0.3763689398765564
29,1.154846429824829,0.5323344469070435,0.811489999294281,0.34208062291145325
30,0.98343425989151,0.4213074743747711,1.1820303201675415,0.4500511586666107
31,0.8397021889686584,0.42072340846061707,0.9084686040878296,0.35900866985321045
32,0.8807043433189392,0.4557241201400757,0.7732318043708801,0.331084668636322
33,0.9208571910858154,0.500429093837738,0.7997610569000244,0.32785525918006897
34,0.7839077711105347,0.3917393684387207,0.7990643382072449,0.3552086651325226
35,1.0262136459350586,0.5969251394271851,0.713655412197113,0.3082587718963623
36,0.7947774529457092,0.39466071128845215,0.7245807647705078,0.31604498624801636
37,0.7233350276947021,0.36008065938949585,0.9091566205024719,0.3765720725059509
38,0.9370136260986328,0.4516044557094574,0.868201732635498,0.3932594060897827
39,0.8282724618911743,0.4101014733314514,0.6843883395195007,0.28876668214797974
40,0.7151901125907898,0.36242371797561646,0.6972312331199646,0.2903987169265747
41,0.7202165126800537,0.36528512835502625,0.698525071144104,0.28543955087661743
42,0.6843461990356445,0.3440428674221039,0.8655712604522705,0.3021486699581146
43,0.7346368432044983,0.3637878894805908,0.5788978338241577,0.24279476702213287
44,0.6896780729293823,0.3358190655708313,0.6031030416488647,0.2506701350212097
45,0.6704522967338562,0.3294108808040619,0.6147422790527344,0.2905949652194977
46,0.7060104012489319,0.3252706825733185,0.5753962397575378,0.2612887918949127
47,0.5830743908882141,0.2860182821750641,1.5707248449325562,0.8328502774238586
48,0.9059098362922668,0.40580376982688904,0.6180891990661621,0.253169447183609
49,0.7329860329627991,0.3603813350200653,0.6267300248146057,0.2602297067642212
50,0.6205752491950989,0.28968390822410583,0.5598049163818359,0.22913767397403717
51,0.5680070519447327,0.2639436721801758,0.530386209487915,0.20454664528369904
52,0.5574909448623657,0.2586805820465088,0.5505545139312744,0.1914689987897873
53,0.6183177828788757,0.28470394015312195,0.5329192280769348,0.19108173251152039
54,0.5889400243759155,0.2539896070957184,1.0135406255722046,0.3415944278240204
55,0.7875239849090576,0.38057976961135864,0.747755765914917,0.37829217314720154
56,0.7164208292961121,0.36591121554374695,0.799329936504364,0.22746571898460388
57,0.6526827812194824,0.2901152968406677,0.596170961856842,0.1781664341688156
58,0.5874838829040527,0.25652751326560974,0.5616952776908875,0.26910629868507385
59,0.512536883354187,0.2270035743713379,0.4643005430698395,0.1677619218826294
60,0.535537838935852,0.22732974588871002,0.6940467953681946,0.3963536322116852
61,0.5501523613929749,0.25232115387916565,0.5841349363327026,0.2276536524295807
62,0.5132269859313965,0.20720748603343964,0.43337002396583557,0.17013688385486603
63,0.43459591269493103,0.17292362451553345,0.4078836739063263,0.14807535707950592
64,0.4206806421279907,0.16055706143379211,0.444316029548645,0.15808862447738647
65,0.47143131494522095,0.1717396080493927,0.44017845392227173,0.13854190707206726
66,0.4731181859970093,0.18573367595672607,0.4123235046863556,0.14097127318382263
67,0.40660104155540466,0.14843367040157318,0.7012549638748169,0.2994871437549591
68,0.5498063564300537,0.2425757646560669,0.40829136967658997,0.1511179357767105
69,0.44144758582115173,0.16565075516700745,0.39047080278396606,0.13268357515335083
70,0.4313836693763733,0.15549957752227783,0.6746742129325867,0.3202952444553375
71,0.527631402015686,0.233267679810524,0.39411747455596924,0.15045838057994843
72,0.4299045205116272,0.1559211015701294,0.4193664789199829,0.13482943177223206
73,0.4372144937515259,0.15967872738838196,0.446402370929718,0.13441625237464905
74,0.4679470956325531,0.17829924821853638,0.5703969597816467,0.17551672458648682
75,0.5307151079177856,0.19856497645378113,0.4629000723361969,0.18350914120674133
76,0.48196232318878174,0.20080579817295074,0.4026734232902527,0.13154710829257965
77,0.42083147168159485,0.1693301796913147,0.4485475420951843,0.20976699888706207
78,0.4526761770248413,0.17195887863636017,0.4256747364997864,0.15919895470142365
79,0.4562631845474243,0.16147220134735107,0.4827404022216797,0.20356564223766327
80,0.4226834774017334,0.1651952564716339,0.4382053315639496,0.1438235640525818
81,0.4179483950138092,0.14852634072303772,0.3920971751213074,0.15243501961231232
82,0.4084053635597229,0.1520266830921173,0.38799798488616943,0.14089283347129822
83,0.40461811423301697,0.13726647198200226,0.3523752987384796,0.12609782814979553
84,0.3876175284385681,0.1306026130914688,0.35519787669181824,0.1208639070391655
85,0.36625126004219055,0.12669874727725983,0.36439159512519836,0.12637300789356232
86,0.4043419361114502,0.15500840544700623,0.3943384885787964,0.1284250020980835
87,0.39494937658309937,0.14313869178295135,0.3755757808685303,0.1485583335161209
88,0.3949703574180603,0.13111074268817902,0.35046935081481934,0.12757626175880432
89,0.3851289451122284,0.13015231490135193,0.34486550092697144,0.12555839121341705
90,0.359428733587265,0.12245839089155197,0.34972232580184937,0.11991888284683228
91,0.4133617877960205,0.13545207679271698,0.5108129382133484,0.16369123756885529
92,0.4552350640296936,0.1816713660955429,0.6572940349578857,0.22829578816890717
93,0.4428551495075226,0.1692112386226654,0.3564470708370209,0.1270163506269455
94,0.3725745975971222,0.13128475844860077,0.4294864535331726,0.18971626460552216
95,0.39951151609420776,0.15336871147155762,0.5043160915374756,0.1488039791584015
96,0.3946053087711334,0.14670400321483612,0.4404740035533905,0.1346082240343094
97,0.415225088596344,0.14877815544605255,0.48212695121765137,0.24520452320575714
98,0.4237722158432007,0.16046561300754547,0.435829758644104,0.19972018897533417
99,0.3577413856983185,0.1289161592721939,0.32805392146110535,0.11743512749671936
100,0.3454718589782715,0.11583385616540909,0.4587860405445099,0.15302258729934692
101,0.4102463126182556,0.1459432989358902,0.34638673067092896,0.12420251965522766
102,0.3862932324409485,0.13136745989322662,0.5280941724777222,0.18299755454063416
103,0.3908316493034363,0.14044387638568878,0.5380036234855652,0.31821566820144653
104,0.44404852390289307,0.1856156587600708,0.5614025592803955,0.3309601843357086
105,0.42909201979637146,0.1850990653038025,0.340920627117157,0.12478143721818924
106,0.3955962657928467,0.13851551711559296,0.5798922181129456,0.23571741580963135
107,0.4868558645248413,0.23214852809906006,0.51915442943573,0.12378127872943878
108,0.4926474690437317,0.21549591422080994,0.3502953350543976,0.14436551928520203
109,0.39637383818626404,0.15604951977729797,0.5136659145355225,0.17091499269008636
110,0.38750752806663513,0.13984611630439758,0.4184795320034027,0.21335415542125702
111,0.38218697905540466,0.14592181146144867,0.33469635248184204,0.13140621781349182
112,0.3758821487426758,0.13085442781448364,0.502561628818512,0.147455632686615
113,0.3646552264690399,0.12606103718280792,0.3403835594654083,0.13262081146240234
114,0.33331650495529175,0.12153273075819016,0.34690171480178833,0.13920298218727112
115,0.3701925575733185,0.14743296802043915,0.44283345341682434,0.2142888605594635
116,0.3928511142730713,0.14603978395462036,0.32657796144485474,0.12410634011030197
117,0.35272935032844543,0.12978723645210266,0.3930211365222931,0.12656988203525543
118,0.3698923885822296,0.1358451098203659,0.31420785188674927,0.12458229064941406
119,0.3392654359340668,0.12314397096633911,0.3739367723464966,0.13128572702407837
120,0.35185757279396057,0.13083294034004211,0.38850516080856323,0.18367299437522888
121,0.33727338910102844,0.12790869176387787,0.33297058939933777,0.1377822458744049
122,0.32693129777908325,0.11963018774986267,0.3015423119068146,0.11667844653129578
123,0.31839120388031006,0.1137893944978714,0.3004199266433716,0.11871812492609024
124,0.32844096422195435,0.12847360968589783,0.2934591770172119,0.11527711153030396
125,0.3657703697681427,0.1505674570798874,0.5299354791641235,0.28224408626556396
126,0.369743287563324,0.15858402848243713,0.6480457782745361,0.2532970905303955
127,0.41017165780067444,0.18003340065479279,0.45120278000831604,0.1480102390050888
128,0.32604625821113586,0.11852053552865982,0.28851616382598877,0.11210349947214127
129,0.2990996837615967,0.11045259982347488,0.44867202639579773,0.13929450511932373
130,0.38891351222991943,0.15028569102287292,0.9181059002876282,0.31339967250823975
131,0.5275262594223022,0.26297271251678467,0.335201233625412,0.12716509401798248
132,0.3382048010826111,0.1307515650987625,0.30479535460472107,0.11855535209178925
133,0.3827790915966034,0.13856688141822815,0.3066256046295166,0.11333946138620377
134,0.37133345007896423,0.13700322806835175,0.287678062915802,0.117573082447052
135,0.4018796384334564,0.13273471593856812,0.3304407000541687,0.11482585966587067
136,0.31553030014038086,0.12265443056821823,0.2929080128669739,0.13064539432525635
137,0.3157704770565033,0.11745242774486542,0.27396777272224426,0.11384043097496033
138,0.3013514280319214,0.11476423591375351,0.3367704153060913,0.10943342000246048
139,0.3215024173259735,0.11878829449415207,0.2725476920604706,0.11876999586820602
140,0.2917271852493286,0.11805693060159683,0.2923867106437683,0.14483757317066193
141,0.294132798910141,0.1125493049621582,0.2571163475513458,0.10636170208454132
142,0.2895956039428711,0.11721163988113403,0.5652031898498535,0.223447784781456
143,0.3737669289112091,0.1591556966304779,0.3275379240512848,0.1313806176185608
144,0.28175437450408936,0.11543834954500198,0.3861187696456909,0.16208428144454956
145,0.32341840863227844,0.14028950035572052,0.2532409727573395,0.11795391887426376
146,0.27133938670158386,0.11411818116903305,0.30394572019577026,0.15084567666053772
147,0.28844374418258667,0.12629175186157227,0.7915890216827393,0.474508672952652
148,0.5808390378952026,0.24215935170650482,0.4234600067138672,0.10791351646184921
149,0.4060342013835907,0.18543438613414764,0.3065749406814575,0.160521999001503
150,0.4331091046333313,0.17809940874576569,0.2741498351097107,0.13900919258594513
151,0.28431767225265503,0.11151263862848282,0.24080555140972137,0.10624263435602188
152,0.2569003403186798,0.10103876888751984,0.31936216354370117,0.19768483936786652
153,0.31579893827438354,0.12937739491462708,0.2294892817735672,0.10554170608520508
154,0.2651481628417969,0.1045929566025734,0.24684511125087738,0.10715950280427933
155,0.24362291395664215,0.10045553743839264,0.4482678174972534,0.22810010612010956
156,0.29692086577415466,0.13408367335796356,0.32299095392227173,0.1640159785747528
157,0.3141200840473175,0.14779627323150635,0.24023887515068054,0.11292212456464767
158,0.27792078256607056,0.11634231358766556,0.2210671305656433,0.10178253054618835
159,0.2949122488498688,0.11432452499866486,0.2160118818283081,0.10529350489377975
160,0.24160295724868774,0.1043376475572586,0.43411827087402344,0.21131625771522522
161,0.3146696388721466,0.13410872220993042,0.3504239618778229,0.1133502796292305
162,0.2941132187843323,0.11653227359056473,0.28498491644859314,0.12049588561058044
163,0.27008843421936035,0.11892150342464447,0.21045303344726562,0.09982414543628693
164,0.23763339221477509,0.10691199451684952,0.2701270580291748,0.10783355683088303
165,0.23806443810462952,0.09649934619665146,0.18868005275726318,0.09652800858020782
166,0.22390606999397278,0.10240315645933151,0.31486013531684875,0.13656026124954224
167,0.24273186922073364,0.11467032879590988,0.19693081080913544,0.10210493206977844
168,0.20080728828907013,0.09548730403184891,0.5472760200500488,0.33236950635910034
169,0.38272905349731445,0.19228745996952057,0.24788548052310944,0.13847890496253967
170,0.24557334184646606,0.10296187549829483,0.19401054084300995,0.09348491579294205
171,0.2203977108001709,0.10026346892118454,0.1925276219844818,0.09506212174892426
172,0.18888649344444275,0.0913114845752716,0.17880454659461975,0.09273674339056015
173,0.19064640998840332,0.09522425383329391,0.15841591358184814,0.08947532624006271
174,0.18318995833396912,0.09042660892009735,0.22016046941280365,0.11568450927734375
175,0.18036599457263947,0.08962857723236084,0.32447874546051025,0.10379873216152191
176,0.2329506278038025,0.10322685539722443,0.2270830124616623,0.11758895963430405
177,0.20630228519439697,0.09402334690093994,0.18730853497982025,0.08928949385881424
178,0.18088053166866302,0.09120647609233856,0.1588476002216339,0.08702113479375839
179,0.1768798679113388,0.0880771279335022,0.2244454175233841,0.1519049108028412
180,0.23172634840011597,0.1140592098236084,0.19669128954410553,0.10638336092233658
181,0.17169485986232758,0.09032224863767624,0.2759624421596527,0.13371077179908752
182,0.18785537779331207,0.09776458889245987,0.23033607006072998,0.11761662364006042
183,0.20196601748466492,0.1030784323811531,0.14454002678394318,0.07938353717327118
184,0.1863653063774109,0.09687481075525284,0.16288164258003235,0.0908041000366211
185,0.1847512274980545,0.08913499861955643,0.41839972138404846,0.13793843984603882
186,0.2022015005350113,0.10641096532344818,0.21353912353515625,0.11620631814002991
187,0.20854052901268005,0.10113409161567688,0.22891315817832947,0.1260092854499817
188,0.19670261442661285,0.10380983352661133,0.21367494761943817,0.09494204819202423
189,0.15870223939418793,0.07923885434865952,0.12733036279678345,0.07699421793222427
190,0.15765400230884552,0.07748141139745712,0.1965339630842209,0.11154384911060333
191,0.20407894253730774,0.10262422263622284,0.2660481035709381,0.1602572500705719
192,0.25074243545532227,0.12181594967842102,0.21234621107578278,0.12259162962436676
193,0.1869572550058365,0.08805191516876221,0.11324641853570938,0.07020102441310883
194,0.1357361376285553,0.06714563816785812,0.166315957903862,0.08977600932121277
195,0.145281121134758,0.0772455483675003,0.10872939974069595,0.06924755126237869
196,0.13615474104881287,0.0662526935338974,0.39906832575798035,0.13848072290420532
197,0.18772892653942108,0.08674876391887665,0.2106238752603531,0.08724947273731232
198,0.15607988834381104,0.08186808228492737,0.162066251039505,0.1241622343659401
199,0.16077333688735962,0.08027895539999008,0.14006191492080688,0.08384039252996445
200,0.16078996658325195,0.08313560485839844,0.14452210068702698,0.09275607764720917
201,0.14546003937721252,0.07527283579111099,0.2588716447353363,0.15346622467041016
202,0.18428805470466614,0.08498796075582504,0.28240683674812317,0.13751301169395447
203,0.18849845230579376,0.0921526700258255,0.1134181022644043,0.07726997137069702
204,0.13128802180290222,0.0648895725607872,0.16857147216796875,0.07886136323213577
205,0.1267700344324112,0.06605703383684158,0.18671485781669617,0.09730573743581772
206,0.1710149496793747,0.08624477684497833,0.1998988389968872,0.07642707973718643
207,0.18639284372329712,0.09163857251405716,0.3025408685207367,0.06734226644039154
208,0.2484283745288849,0.13082818686962128,0.12990041077136993,0.07647234201431274
209,0.23228314518928528,0.10208099335432053,0.47716832160949707,0.2448568195104599
210,0.23171193897724152,0.1220056414604187,0.106867216527462,0.07083643227815628
211,0.1188756451010704,0.05871007218956947,0.1619076281785965,0.09115668386220932
212,0.150545135140419,0.07984356582164764,0.1654977947473526,0.0601019561290741
213,0.13791556656360626,0.06866146624088287,0.08944907784461975,0.06012783944606781
214,0.11006582528352737,0.056611448526382446,0.11846691370010376,0.060212813317775726
215,0.12608957290649414,0.05845625698566437,0.11427805572748184,0.06331414729356766
216,0.10880611091852188,0.05319133773446083,0.08695302903652191,0.053918007761240005
217,0.09545605629682541,0.05021635442972183,0.08110248297452927,0.05359123647212982
218,0.12045419216156006,0.05979621782898903,0.1259213238954544,0.059514369815588
219,0.14327913522720337,0.06314625591039658,0.15729667246341705,0.0920717716217041
220,0.20251451432704926,0.09117572009563446,0.15269441902637482,0.054317906498909
221,0.14100749790668488,0.06054311990737915,0.09661342948675156,0.05204519256949425
222,0.16691452264785767,0.07916612178087234,0.0776652991771698,0.04837186262011528
223,0.14926734566688538,0.0715099424123764,0.5484073758125305,0.4067550003528595
224,0.3614822328090668,0.16664616763591766,0.16958129405975342,0.07790323346853256
225,0.21388724446296692,0.11931123584508896,0.12839387357234955,0.09080393612384796
226,0.15716131031513214,0.08492638170719147,0.08702677488327026,0.058447614312171936
227,0.12648345530033112,0.05844641104340553,0.31385308504104614,0.13375528156757355
228,0.18537718057632446,0.09523294121026993,0.130564883351326,0.09095826745033264
229,0.17709051072597504,0.0914013534784317,0.2933669984340668,0.056204233318567276
230,0.1866292655467987,0.06403245776891708,0.14660124480724335,0.10802102088928223
231,0.12842223048210144,0.05489088222384453,0.08639201521873474,0.05962996557354927
232,0.0954127237200737,0.04535551741719246,0.10236993432044983,0.05188659206032753
233,0.11336837708950043,0.052181608974933624,0.12449752539396286,0.046295009553432465
234,0.09497842937707901,0.043154507875442505,0.19584526121616364,0.08310817927122116
235,0.10243569314479828,0.04621019586920738,0.1280449628829956,0.06816831231117249
236,0.10169433057308197,0.04815227910876274,0.09173213690519333,0.061262842267751694
237,0.10040499269962311,0.05200720950961113,0.15054582059383392,0.09378386288881302
238,0.10401040315628052,0.047547850757837296,0.12632471323013306,0.0694965124130249
239,0.1136908009648323,0.05448157340288162,0.25321632623672485,0.12831427156925201
240,0.16618958115577698,0.07602818310260773,0.4640756845474243,0.18310920894145966
241,0.21253487467765808,0.09627550840377808,0.15765362977981567,0.10829176008701324
242,0.1505790650844574,0.07728941738605499,0.12791484594345093,0.0991450771689415
243,0.10718008875846863,0.055107202380895615,0.22718410193920135,0.10011079907417297
244,0.21002233028411865,0.09580492973327637,0.21166248619556427,0.07407326996326447
245,0.17493338882923126,0.07906851917505264,0.2546707093715668,0.07255721837282181
246,0.1396060585975647,0.0658831000328064,0.15092720091342926,0.06060105189681053
247,0.09680396318435669,0.04197465628385544,0.1270132064819336,0.07850918173789978
248,0.10101490467786789,0.04117880389094353,0.0704614669084549,0.046768784523010254
249,0.08959870040416718,0.042789917439222336,0.15082606673240662,0.04896023869514465
250,0.10758614540100098,0.04293977841734886,0.13711753487586975,0.06412158161401749
251,0.11031196266412735,0.048320986330509186,0.20658771693706512,0.11081716418266296
252,0.20595683157444,0.09929711371660233,0.42737093567848206,0.10146043449640274
253,0.1876123994588852,0.07133600115776062,0.13103033602237701,0.048660531640052795
254,0.12294448912143707,0.0400082990527153,0.08953449875116348,0.047294680029153824
255,0.0902983546257019,0.04044250398874283,0.1185097023844719,0.051255036145448685
256,0.10563546419143677,0.0534738153219223,0.23683445155620575,0.09311849623918533
257,0.17962339520454407,0.0814860463142395,0.11744564026594162,0.05635584518313408
258,0.11407485604286194,0.0519459992647171,0.09697996079921722,0.06710093468427658
259,0.1208941787481308,0.05383605509996414,0.15492679178714752,0.054350461810827255
260,0.09427087754011154,0.03911856189370155,0.059341538697481155,0.03794218227267265
261,0.08010207861661911,0.036202382296323776,0.09135156869888306,0.06374389678239822
262,0.08928284049034119,0.03875008970499039,0.07130710035562515,0.04232992231845856
263,0.08615037798881531,0.03779664635658264,0.06241597235202789,0.04321622848510742
264,0.07734965533018112,0.038610417395830154,0.06264760345220566,0.04263945668935776
265,0.09023212641477585,0.04026918485760689,0.06544297188520432,0.030743146315217018
266,0.06709254533052444,0.030356327071785927,0.0750543400645256,0.05172993615269661
267,0.0871882438659668,0.037360142916440964,0.06805244088172913,0.04494006186723709
268,0.11814724653959274,0.04959360510110855,0.10110338032245636,0.04549821466207504
269,0.14406928420066833,0.06169084459543228,0.26781222224235535,0.0906449630856514
270,0.11708826571702957,0.052220240235328674,0.06650080531835556,0.03678085654973984
271,0.09785684943199158,0.04814833775162697,0.15320652723312378,0.056514810770750046
272,0.11666855216026306,0.056810833513736725,0.09244758635759354,0.057379961013793945
273,0.09823620319366455,0.0427323617041111,0.060830008238554,0.03131435066461563
274,0.07903049141168594,0.029711252078413963,0.07212979346513748,0.049636226147413254
275,0.07066823542118073,0.033431921154260635,0.056040216237306595,0.036060068756341934
276,0.08088596165180206,0.039635881781578064,0.06137927621603012,0.029015161097049713
277,0.07028046995401382,0.03128517419099808,0.06731824576854706,0.0464615523815155
278,0.08644038438796997,0.04464717581868172,0.08507119864225388,0.05431349575519562
279,0.07386166602373123,0.033218104392290115,0.18185633420944214,0.10906771570444107
280,0.12396092712879181,0.0488363616168499,0.07840253412723541,0.0377236008644104
281,0.07813213765621185,0.03758339211344719,0.054120443761348724,0.03620658814907074
282,0.10044166445732117,0.04311438277363777,0.11471154540777206,0.07153305411338806
283,0.08829749375581741,0.03880106285214424,0.05412609875202179,0.032751407474279404
284,0.05967755615711212,0.02623581513762474,0.05258290469646454,0.03621397167444229
285,0.07541725039482117,0.032514091581106186,0.07859965413808823,0.027876848354935646
286,0.08688703179359436,0.028546523302793503,0.10907619446516037,0.06301875412464142
287,0.11330672353506088,0.04297003149986267,0.1690586805343628,0.07797381281852722
288,0.08706820011138916,0.041590455919504166,0.2697867155075073,0.12367837876081467
289,0.12834367156028748,0.056405577808618546,0.1832486093044281,0.06382002681493759
290,0.13676616549491882,0.06338600814342499,0.4011991620063782,0.21154803037643433
291,0.22865723073482513,0.08340109884738922,0.4707678258419037,0.18632446229457855
292,0.23534660041332245,0.09546014666557312,0.19744053483009338,0.06218806281685829
293,0.16132541000843048,0.06740356981754303,0.0911063402891159,0.0593741312623024
294,0.09184274822473526,0.041950635612010956,0.0578194297850132,0.03234129399061203
295,0.07562436163425446,0.03514713793992996,0.2843121886253357,0.12676960229873657
296,0.1388600915670395,0.04866569861769676,0.18342193961143494,0.06612499058246613
297,0.10545792430639267,0.04510372132062912,0.06682677567005157,0.025159381330013275
298,0.06861724704504013,0.028813766315579414,0.05768592655658722,0.03678881749510765
299,0.07242942601442337,0.02977812848985195,0.08008904755115509,0.030169464647769928
300,0.06559249758720398,0.02646234631538391,0.1930491030216217,0.09392311424016953
301,0.09860827773809433,0.038976702839136124,0.0856299102306366,0.03626031056046486
302,0.07428302615880966,0.028530068695545197,0.05766526237130165,0.0372648723423481
303,0.07320460677146912,0.031858913600444794,0.07363734394311905,0.025076135993003845
304,0.0845675840973854,0.034924689680337906,0.12545332312583923,0.039645686745643616
305,0.06476318091154099,0.026342716068029404,0.051419612020254135,0.03441695496439934
306,0.05951647087931633,0.02510560117661953,0.07973238825798035,0.03406746685504913
307,0.07676561176776886,0.0310831218957901,0.05887778103351593,0.04348544031381607
308,0.07766790688037872,0.03846704587340355,0.04787984862923622,0.02555028349161148
309,0.057297781109809875,0.02714797854423523,0.07132632285356522,0.028612349182367325
310,0.07952716946601868,0.029052553698420525,0.09884393960237503,0.039374396204948425
311,0.08141638338565826,0.034126196056604385,0.06513779610395432,0.02165171131491661
312,0.06480266153812408,0.025748085230588913,0.35457655787467957,0.13356196880340576
313,0.21781104803085327,0.07382912188768387,0.21143978834152222,0.10026686638593674
314,0.14913152158260345,0.050316326320171356,0.26284289360046387,0.06768583506345749
315,0.13075917959213257,0.05452963337302208,0.07355723530054092,0.05216459929943085
316,0.07357171922922134,0.03311409801244736,0.12326410412788391,0.050976768136024475
317,0.0992077887058258,0.0439206138253212,0.0564117431640625,0.03373868390917778
318,0.10428088158369064,0.047565050423145294,0.07692771404981613,0.04484442621469498
319,0.08453049510717392,0.03555645793676376,0.0667944997549057,0.041088543832302094
320,0.0820552259683609,0.03642824664711952,0.1065947562456131,0.0333295613527298
321,0.09274966269731522,0.04122938960790634,0.25122714042663574,0.0948929712176323
322,0.11230605095624924,0.049943890422582626,0.1242377981543541,0.034521233290433884
323,0.08578544110059738,0.037676114588975906,0.10390989482402802,0.0592556856572628
324,0.0949731171131134,0.03829438239336014,0.10897758603096008,0.05337442457675934
325,0.06743547320365906,0.02613029070198536,0.09933614730834961,0.03556447848677635
326,0.0773410052061081,0.033303119242191315,0.04521378502249718,0.028088247403502464
327,0.06223255395889282,0.023434560745954514,0.054776716977357864,0.02953554317355156
328,0.07293945550918579,0.02604811266064644,0.3719528317451477,0.17573150992393494
329,0.21649517118930817,0.08277162164449692,0.7066497802734375,0.37398189306259155
330,0.3014456629753113,0.1435241848230362,0.14075584709644318,0.07116332650184631
331,0.10144662111997604,0.04534159600734711,0.11223907768726349,0.05151260271668434
332,0.07868299633264542,0.03103918582201004,0.044425882399082184,0.02448715642094612
333,0.06325417757034302,0.027379637584090233,0.11726615577936172,0.036524806171655655
334,0.07309196144342422,0.028515901416540146,0.1100444421172142,0.035790104418992996
335,0.0898899957537651,0.03992437571287155,0.07853025197982788,0.04675891995429993
336,0.10196477174758911,0.043032556772232056,0.07852733880281448,0.03116638958454132
337,0.1278783082962036,0.059545692056417465,0.17192596197128296,0.13022269308567047
338,0.16176766157150269,0.09325569123029709,0.08089815080165863,0.06207062676548958
339,0.07525207847356796,0.03504966199398041,0.21185481548309326,0.06896955519914627
340,0.09788181632757187,0.04873328655958176,0.11356589198112488,0.03620888292789459
341,0.07527008652687073,0.03204716369509697,0.05976983904838562,0.02115415595471859
342,0.05431872233748436,0.022473663091659546,0.08560104668140411,0.04727133736014366
343,0.07806477695703506,0.030401336029171944,0.18209098279476166,0.058476537466049194
344,0.07849990576505661,0.029798604547977448,0.09739606082439423,0.033846188336610794
345,0.06256821006536484,0.02633383870124817,0.07354255020618439,0.04737560451030731
346,0.05715819448232651,0.02035471610724926,0.09121696650981903,0.0534435473382473
347,0.07440269738435745,0.030455471947789192,0.23679576814174652,0.07321743667125702
348,0.13209068775177002,0.05670452490448952,0.046250954270362854,0.027410337701439857
349,0.05626742169260979,0.02318594604730606,0.049174319952726364,0.022341201081871986
350,0.05808740854263306,0.024736369028687477,0.5386507511138916,0.2650529444217682
351,0.27617642283439636,0.12282473593950272,0.25548386573791504,0.10109015554189682
352,0.13985303044319153,0.048158131539821625,0.2555106282234192,0.1193012073636055
353,0.15319351851940155,0.0671604722738266,0.056067463010549545,0.02638673223555088
354,0.06713607162237167,0.030954701825976372,0.09700468182563782,0.06005936488509178
355,0.09610648453235626,0.04043284431099892,0.08612700551748276,0.029239850118756294
356,0.0782211497426033,0.035977479070425034,0.0404791533946991,0.024149436503648758
357,0.05092896893620491,0.019450437277555466,0.0757102519273758,0.025093412026762962
358,0.059889089316129684,0.026776129379868507,0.07440666854381561,0.03149775043129921
359,0.055941034108400345,0.02482912316918373,0.044338617473840714,0.027879789471626282
360,0.05998220667243004,0.02439156360924244,0.0617574006319046,0.019053243100643158
361,0.07061717659235,0.026318384334445,0.05419160798192024,0.037776459008455276
362,0.06999706476926804,0.02434633858501911,0.04091285541653633,0.017718272283673286
363,0.08969460427761078,0.03312383592128754,0.26680853962898254,0.14534689486026764
364,0.14531007409095764,0.06341148167848587,0.060293007642030716,0.02081838808953762
365,0.06410999596118927,0.028154680505394936,0.08640554547309875,0.03153129667043686
366,0.07783679664134979,0.029811235144734383,0.0954108014702797,0.05640382319688797
367,0.1003318727016449,0.04063664376735687,0.19336257874965668,0.10791021585464478
368,0.15891818702220917,0.07405996322631836,0.05794635787606239,0.023010745644569397
369,0.0869920626282692,0.03301844373345375,0.17703472077846527,0.09140259027481079
370,0.12604402005672455,0.05219391733407974,0.06864483654499054,0.05245818942785263
371,0.09898420423269272,0.042301904410123825,0.0948394313454628,0.04757680743932724
372,0.10199147462844849,0.05539991334080696,0.07634251564741135,0.03725665435194969
373,0.10497982800006866,0.044229745864868164,0.053418274968862534,0.03396572172641754
374,0.0684547871351242,0.02667851187288761,0.1292598694562912,0.06389549374580383
375,0.09966661781072617,0.04630282521247864,0.0914292261004448,0.026736939325928688
376,0.0915776938199997,0.03447738289833069,0.13806825876235962,0.07495991140604019
377,0.08797898888587952,0.039798177778720856,0.12019283324480057,0.08318175375461578
378,0.0970257893204689,0.04301280900835991,0.05607682093977928,0.022931216284632683
379,0.07161416858434677,0.022432416677474976,0.17759071290493011,0.07943245023488998
380,0.1078522801399231,0.04567955806851387,0.08162572979927063,0.03307993337512016
381,0.08919256180524826,0.03362920135259628,0.1901756227016449,0.10804538428783417
382,0.10540851205587387,0.05239000543951988,0.1497715562582016,0.06235381215810776
383,0.0950174629688263,0.05800474435091019,0.037441324442625046,0.01974433846771717
384,0.05593525245785713,0.02519112452864647,0.37917560338974,0.18742969632148743
385,0.21588684618473053,0.08930691331624985,0.054313868284225464,0.034857407212257385
386,0.06449476629495621,0.028180109336972237,0.15620046854019165,0.06359462440013885
387,0.12878796458244324,0.059212327003479004,0.11046496033668518,0.03031422570347786
388,0.10072536021471024,0.03880898654460907,0.041824132204055786,0.017677998170256615
389,0.04936766251921654,0.01974491961300373,0.035462018102407455,0.019576050341129303
390,0.07232000678777695,0.027433300390839577,0.05657270923256874,0.030399762094020844
391,0.0694166049361229,0.03272285312414169,0.09109475463628769,0.050123266875743866
392,0.05933862924575806,0.025830788537859917,0.03809283673763275,0.01614508591592312
393,0.04421863704919815,0.018604690209031105,0.0448920838534832,0.01744190976023674
394,0.044296130537986755,0.016573719680309296,0.060687411576509476,0.03828985616564751
395,0.07761415094137192,0.029676010832190514,0.16933003067970276,0.07590387016534805
396,0.14339102804660797,0.05873643606901169,0.06399686634540558,0.04852057620882988
397,0.08781512826681137,0.03636104613542557,0.14037568867206573,0.06142536550760269
398,0.1014585867524147,0.03816695883870125,0.04575176164507866,0.028113191947340965
399,0.08488646894693375,0.034432847052812576,0.06869056820869446,0.02980046346783638
400,0.062049832195043564,0.023059198632836342,0.09683315455913544,0.04659604653716087
401,0.06583474576473236,0.024727484211325645,0.055894386023283005,0.01911851204931736
402,0.04695502668619156,0.01903044432401657,0.10613086074590683,0.0646527111530304
403,0.07101815193891525,0.02813427895307541,0.34276115894317627,0.18421757221221924
404,0.2393018752336502,0.12513211369514465,0.2432369738817215,0.15890686213970184
405,0.22375182807445526,0.099787637591362,0.3257688283920288,0.1514858901500702
406,0.1429334282875061,0.06576362252235413,0.07454895228147507,0.055553779006004333
407,0.07683991640806198,0.03375810384750366,0.14145086705684662,0.09026451408863068
408,0.1107977107167244,0.04941196367144585,0.05612066760659218,0.03846483305096626
409,0.06408581137657166,0.029188740998506546,0.052975453436374664,0.029007459059357643
410,0.07299268245697021,0.031035391613841057,0.038531139492988586,0.02284085750579834
411,0.043467458337545395,0.01662190817296505,0.0378883071243763,0.020706696435809135
412,0.045908864587545395,0.01944449543952942,0.05645602568984032,0.01933051273226738
413,0.04657309502363205,0.01934170164167881,0.05490082874894142,0.03348945453763008
414,0.045267559587955475,0.017737407237291336,0.09580987691879272,0.02745155245065689
415,0.05662815272808075,0.017557676881551743,0.04784875735640526,0.016350816935300827
416,0.04277132824063301,0.017777904868125916,0.057984136044979095,0.03887445107102394
417,0.057793498039245605,0.027964280918240547,0.03678771108388901,0.02118508331477642
418,0.04471348226070404,0.016167106106877327,0.060969725251197815,0.043378543108701706
419,0.06520991772413254,0.02664080634713173,0.22292548418045044,0.07385396212339401
420,0.10267288237810135,0.0419527105987072,0.11578357964754105,0.06630805879831314
421,0.09942379593849182,0.03893786668777466,0.04222796484827995,0.023659057915210724
422,0.04950883984565735,0.019988231360912323,0.046470757573843,0.016673095524311066
423,0.04057244211435318,0.014208262786269188,0.05585372447967529,0.03274648264050484
424,0.041393477469682693,0.015235209837555885,0.0758746787905693,0.04339039325714111
425,0.06646963953971863,0.028444064781069756,0.027268344536423683,0.012214298360049725
426,0.04209693521261215,0.015476680360734463,0.1657148003578186,0.04312761873006821
427,0.08434631675481796,0.03373850882053375,0.10568290948867798,0.06345304846763611
428,0.06919153779745102,0.027539890259504318,0.06804284453392029,0.05293570086359978
429,0.05228980630636215,0.02650325372815132,0.05000375583767891,0.028277406468987465
430,0.042849622666835785,0.017399292439222336,0.0364437997341156,0.013787656091153622
431,0.05084560811519623,0.018742848187685013,0.03755710646510124,0.02455224096775055
432,0.044752780348062515,0.016134638339281082,0.07561998069286346,0.04102921485900879
433,0.04470027983188629,0.015977242961525917,0.051492948085069656,0.027926260605454445
434,0.04918551817536354,0.018238989636301994,0.02874741144478321,0.011859919875860214
435,0.03372092917561531,0.011691098101437092,0.09420282393693924,0.03342541307210922
436,0.04926376789808273,0.016545137390494347,0.15802188217639923,0.048609714955091476
437,0.07540003955364227,0.02930837869644165,0.0866357833147049,0.04838556796312332
438,0.04701623320579529,0.01822020672261715,0.049081310629844666,0.029451709240674973
439,0.03730636090040207,0.01244297157973051,0.04050595313310623,0.011804591864347458
440,0.04556052014231682,0.016283294185996056,0.05903635919094086,0.03542044013738632
441,0.07704859972000122,0.03318263962864876,0.043827228248119354,0.02438722923398018
442,0.049665797501802444,0.016468271613121033,0.10122167319059372,0.03600522130727768
443,0.07441502064466476,0.030673300847411156,0.38901588320732117,0.20644550025463104
444,0.17830507457256317,0.07826096564531326,0.03128926455974579,0.012860533781349659
445,0.06096978858113289,0.023968223482370377,0.0558394230902195,0.024793105199933052
446,0.046472642570734024,0.021383589133620262,0.05266809090971947,0.0183591116219759
447,0.04416252672672272,0.016894131898880005,0.1577751487493515,0.05512147396802902
448,0.06309723109006882,0.024033408612012863,0.040267400443553925,0.025846965610980988
449,0.05075323209166527,0.024531081318855286,0.21480293571949005,0.12909510731697083
450,0.09774327278137207,0.04045203700661659,0.2528294324874878,0.07544790208339691
451,0.08631328493356705,0.033390238881111145,0.0807320848107338,0.032515522092580795
452,0.06168751046061516,0.024197759106755257,0.054641302675008774,0.018016217276453972
453,0.04941694438457489,0.01715489663183689,0.25987377762794495,0.07879666984081268
454,0.15304046869277954,0.06502939760684967,0.056219682097435,0.0429329015314579
455,0.07560646533966064,0.032785482704639435,0.0999864935874939,0.04936797544360161
456,0.06576715409755707,0.025125106796622276,0.11376245319843292,0.057796660810709
457,0.07038763165473938,0.027857253327965736,0.054441019892692566,0.03427356481552124
458,0.08904259651899338,0.039448559284210205,0.17745792865753174,0.0632590502500534
459,0.060180287808179855,0.022945579141378403,0.0625842735171318,0.03336617350578308
460,0.042204003781080246,0.015215563587844372,0.057499200105667114,0.018681000918149948
461,0.05562432482838631,0.022164514288306236,0.038546159863471985,0.020792575553059578
462,0.045776695013046265,0.018230268731713295,0.02479376830160618,0.011364853009581566
463,0.035372477024793625,0.014930023811757565,0.05783452093601227,0.039292819797992706
464,0.04997638985514641,0.019601553678512573,0.04655219614505768,0.02223518304526806
465,0.04485730454325676,0.018577616661787033,0.0452762134373188,0.02661316469311714
466,0.04380818083882332,0.01898452825844288,0.034748710691928864,0.00947506632655859
467,0.038284651935100555,0.015046127140522003,0.1194014921784401,0.06097070872783661
468,0.06398312747478485,0.02459600940346718,0.22243079543113708,0.10895057767629623
469,0.09319920092821121,0.042507391422986984,0.07493259757757187,0.020067283883690834
470,0.05957126244902611,0.024945560842752457,0.2542763650417328,0.13508422672748566
471,0.10767877101898193,0.040550846606492996,0.03800234943628311,0.01722896844148636
472,0.04399668052792549,0.016649752855300903,0.09124595671892166,0.027834834530949593
473,0.050407376140356064,0.018859844654798508,0.03894660249352455,0.013146343640983105
474,0.04019159451127052,0.014319817535579205,0.147269606590271,0.04231041297316551
475,0.05537418648600578,0.02159017138183117,0.03492295742034912,0.0162384994328022
476,0.04181966185569763,0.01847296953201294,0.14111949503421783,0.04922298341989517
477,0.06716693937778473,0.03160073235630989,0.03921257331967354,0.022744379937648773
478,0.04645845666527748,0.01916462555527687,0.04045848920941353,0.012562017887830734
479,0.04282330349087715,0.017412766814231873,0.03276031091809273,0.019695335999131203
480,0.0385940745472908,0.012898193672299385,0.1079658791422844,0.06609055399894714
481,0.05642450973391533,0.025146102532744408,0.1990124136209488,0.08251437544822693
482,0.12611429393291473,0.04980629310011864,0.40502551198005676,0.18822960555553436
483,0.17206470668315887,0.08711878955364227,0.2101007103919983,0.11007998138666153
484,0.1390480399131775,0.05144569277763367,0.20507799088954926,0.07988967001438141
485,0.12830564379692078,0.04720431566238403,0.05818009749054909,0.028858428820967674
486,0.06783509999513626,0.025005202740430832,0.146173894405365,0.07644477486610413
487,0.08547867089509964,0.03409130871295929,0.10796117782592773,0.03141150251030922
488,0.06778484582901001,0.0323927104473114,0.049257755279541016,0.025172386318445206
489,0.042176321148872375,0.014876986853778362,0.02659798413515091,0.01261886116117239
490,0.03571154177188873,0.013620400801301003,0.07839126139879227,0.047193821519613266
491,0.04929478466510773,0.01823754608631134,0.10066608339548111,0.03780465945601463
492,0.06740478426218033,0.03012198954820633,0.09568282961845398,0.06231609359383583
493,0.08914605528116226,0.037887539714574814,0.25855159759521484,0.08534923195838928
494,0.11635816842317581,0.05005665123462677,0.05912909656763077,0.039187896996736526
495,0.10370147973299026,0.04618825763463974,0.4427869915962219,0.2171645313501358
496,0.3122622072696686,0.12092191725969315,0.22851073741912842,0.1392209678888321
497,0.30927035212516785,0.13256211578845978,0.19092459976673126,0.03779364749789238
498,0.13765548169612885,0.052614208310842514,0.08569624274969101,0.02762879617512226
499,0.09087726473808289,0.03837985917925835,0.06983855366706848,0.045409079641103745
500,0.05526541545987129,0.02346516214311123,0.04600095376372337,0.03210970759391785
501,0.05682667717337608,0.025861233472824097,0.05456648766994476,0.024884676560759544
502,0.04400181397795677,0.019406482577323914,0.0315585620701313,0.017944321036338806
503,0.04165613651275635,0.01534566655755043,0.0737256407737732,0.02549503743648529
504,0.0480002835392952,0.01937696896493435,0.02627933956682682,0.013611972332000732
505,0.03300289437174797,0.01311438251286745,0.03840456157922745,0.023426765576004982
506,0.04818988963961601,0.019274646416306496,0.08936860412359238,0.027649980038404465
507,0.061869196593761444,0.024441786110401154,0.033078089356422424,0.017849454656243324
508,0.03909095749258995,0.015891503542661667,0.033620115369558334,0.013683538883924484
509,0.040890809148550034,0.015756074339151382,0.04995252564549446,0.027310160920023918
510,0.05002236366271973,0.02061266079545021,0.051015302538871765,0.025558948516845703
511,0.06934554874897003,0.026435092091560364,0.043614789843559265,0.029754843562841415
512,0.041030846536159515,0.019343005493283272,0.04333746060729027,0.014373919926583767
513,0.037376463413238525,0.012805191799998283,0.030149497091770172,0.016376055777072906
514,0.03454909101128578,0.013354964554309845,0.03602622449398041,0.01335887424647808
515,0.044146064668893814,0.017035197466611862,0.14541897177696228,0.05555205047130585
516,0.06913506984710693,0.0312133077532053,0.13712595403194427,0.08183524012565613
517,0.07484520226716995,0.03583259880542755,0.0893177017569542,0.0429915152490139
518,0.05069238692522049,0.02316342107951641,0.04680868983268738,0.03116401471197605
519,0.038107093423604965,0.016410384327173233,0.11405438184738159,0.043386708945035934
520,0.058317091315984726,0.021927092224359512,0.06956084817647934,0.019802333787083626
521,0.06038333475589752,0.021448025479912758,0.08343097567558289,0.02602917142212391
522,0.05160178244113922,0.022827470675110817,0.047071173787117004,0.0132558299228549
523,0.03551315516233444,0.013057414442300797,0.049102783203125,0.01955115608870983
524,0.06731437891721725,0.027192361652851105,0.08310072124004364,0.04645524173974991
525,0.08914005756378174,0.03772217035293579,0.10455549508333206,0.03255704790353775
526,0.1376742720603943,0.05218324437737465,0.14297796785831451,0.07004083693027496
527,0.09700547158718109,0.03681284189224243,0.14462098479270935,0.05252654850482941
528,0.06223253533244133,0.029293503612279892,0.04597489535808563,0.01888095587491989
529,0.04930753633379936,0.020691579207777977,0.05896405130624771,0.03280835226178169
530,0.03960748389363289,0.01529635675251484,0.08152366429567337,0.02802129276096821
531,0.03910809010267258,0.014213143847882748,0.043209008872509,0.01388347428292036
532,0.03298201784491539,0.011617842130362988,0.029016803950071335,0.018293149769306183
533,0.03543787822127342,0.016203271225094795,0.09955967962741852,0.06079326570034027
534,0.054690904915332794,0.023051941767334938,0.04166535288095474,0.018901625648140907
535,0.034375157207250595,0.011707836762070656,0.023441053926944733,0.00976491253823042
536,0.03829963505268097,0.013751603662967682,0.05032431706786156,0.017733857035636902
537,0.03732186183333397,0.017276834696531296,0.0480245016515255,0.0321815125644207
538,0.045546844601631165,0.01799849234521389,0.08074034750461578,0.026221666485071182
539,0.0487692728638649,0.01850835233926773,0.024897882714867592,0.010740984231233597
540,0.0405762679874897,0.016755366697907448,0.04493134468793869,0.014718315564095974
541,0.03506290540099144,0.012370245531201363,0.0869022011756897,0.06266770511865616
542,0.10226935148239136,0.04550793021917343,0.09933912009000778,0.061143774539232254
543,0.08494517207145691,0.039759911596775055,0.054864298552274704,0.021010614931583405
544,0.03833244368433952,0.01626003533601761,0.10589948296546936,0.027143383398652077
545,0.05255822092294693,0.02012106589972973,0.23008224368095398,0.14338672161102295
546,0.09521660208702087,0.042702000588178635,0.04912964999675751,0.020955922082066536
547,0.035098351538181305,0.014608762226998806,0.14637526869773865,0.06057281419634819
548,0.06056070700287819,0.025621823966503143,0.04062742367386818,0.025155462324619293
549,0.030752910301089287,0.012568890117108822,0.04426707699894905,0.021357785910367966
550,0.03790253773331642,0.01564544066786766,0.0673968717455864,0.024468107149004936
551,0.04927998408675194,0.022740794345736504,0.19096359610557556,0.06591980159282684
552,0.08682446926832199,0.039144184440374374,0.040270380675792694,0.02824762836098671
553,0.042978283017873764,0.018290329724550247,0.023676341399550438,0.010020818561315536
554,0.037442516535520554,0.013882389292120934,0.053586531430482864,0.02955986000597477
555,0.06426142156124115,0.027471456676721573,0.1525876671075821,0.08033141493797302
556,0.15589658915996552,0.054179199039936066,0.32511666417121887,0.09281836450099945
557,0.09318296611309052,0.034305352717638016,0.08774799108505249,0.06099826842546463
558,0.05194558948278427,0.02036648616194725,0.03699441999197006,0.020630396902561188
559,0.05146261304616928,0.017065389081835747,0.06566978245973587,0.036449071019887924
560,0.04851408675312996,0.01647300273180008,0.07316998392343521,0.027211081236600876
561,0.03928602859377861,0.016019832342863083,0.03647967055439949,0.021451663225889206
562,0.034857023507356644,0.013641617260873318,0.02090282365679741,0.00960569828748703
563,0.0487268790602684,0.017512168735265732,0.03407752886414528,0.011609923094511032
564,0.03494828939437866,0.012920577079057693,0.06025213375687599,0.020687734708189964
565,0.041170161217451096,0.015805700793862343,0.0955275222659111,0.029486926272511482
566,0.07311870157718658,0.031246427446603775,0.1365731954574585,0.06134268268942833
567,0.11598241329193115,0.06789055466651917,0.08521370589733124,0.06602038443088531
568,0.07062936574220657,0.03474482148885727,0.04734336957335472,0.013332593254745007
569,0.04648694396018982,0.02138577401638031,0.06686076521873474,0.047312721610069275
570,0.06714966148138046,0.029079055413603783,0.31578877568244934,0.0981392115354538
571,0.14396271109580994,0.05457213521003723,0.04267602786421776,0.026679521426558495
572,0.0760924369096756,0.03606615215539932,0.1499781757593155,0.07106690108776093
573,0.13123828172683716,0.054654255509376526,0.1098284050822258,0.04128725826740265
574,0.05320466682314873,0.024698862805962563,0.0653790682554245,0.023778438568115234
575,0.048297420144081116,0.01787314936518669,0.03371515870094299,0.013882282190024853
576,0.036805395036935806,0.015644649043679237,0.24831221997737885,0.09282214939594269
577,0.11723087728023529,0.04506586864590645,0.5516300201416016,0.289441853761673
578,0.22985856235027313,0.09198766201734543,0.04218911752104759,0.015690112486481667
579,0.04141702875494957,0.016123658046126366,0.028524814173579216,0.013574881479144096
580,0.03295644372701645,0.012597233057022095,0.03241654485464096,0.0192034263163805
581,0.035414766520261765,0.012813509441912174,0.02875404804944992,0.014031248167157173
582,0.04161910340189934,0.020457934588193893,0.023107340559363365,0.011678533628582954
583,0.03661259263753891,0.01426297053694725,0.057015519589185715,0.03576884791254997
584,0.03507711738348007,0.013581267558038235,0.021961893886327744,0.009835348464548588
585,0.02520461194217205,0.009018602780997753,0.02831179089844227,0.015459707006812096
586,0.025340020656585693,0.009756826795637608,0.04083113372325897,0.02216142974793911
587,0.03907196223735809,0.01821025460958481,0.021387778222560883,0.008368142880499363
588,0.03450075909495354,0.016230033710598946,0.12907381355762482,0.0712229385972023
589,0.06726748496294022,0.02702096663415432,0.02993161976337433,0.016757123172283173
590,0.055170729756355286,0.025186171755194664,0.16741080582141876,0.06511354446411133
591,0.06695542484521866,0.0345894917845726,0.041572313755750656,0.014863796532154083
592,0.049050066620111465,0.021215291693806648,0.12434662133455276,0.028041856363415718
593,0.0732087567448616,0.029628293588757515,0.057642221450805664,0.016834702342748642
594,0.03266839683055878,0.01213056966662407,0.05913267284631729,0.023486413061618805
595,0.03509851545095444,0.01350402645766735,0.02890116162598133,0.016743771731853485
596,0.0691494569182396,0.0262370053678751,0.03184638172388077,0.010907943360507488
597,0.03450518101453781,0.015419766306877136,0.024639632552862167,0.012427198700606823
598,0.04717950522899628,0.019290968775749207,0.054939065128564835,0.01827399432659149
599,0.03705255687236786,0.013208679854869843,0.0710999071598053,0.039692383259534836
600,0.047416262328624725,0.017987405881285667,0.04069935902953148,0.030000684782862663
601,0.05765654519200325,0.02248229645192623,0.20718872547149658,0.05340748280286789
602,0.1016690731048584,0.040213048458099365,0.04131731018424034,0.020892363041639328
603,0.029235851019620895,0.010273889638483524,0.058291368186473846,0.034479714930057526
604,0.06695249676704407,0.02836686000227928,0.13927999138832092,0.06095297634601593
605,0.05833606794476509,0.027034185826778412,0.08257678151130676,0.02605653926730156
606,0.07883590459823608,0.031077982857823372,0.040355585515499115,0.0275564044713974
607,0.037925176322460175,0.020184505730867386,0.03825366497039795,0.009153948165476322
608,0.03143903613090515,0.012633784674108028,0.05556463822722435,0.019696716219186783
609,0.046882450580596924,0.020205698907375336,0.031910356134176254,0.0187185388058424
610,0.04368659481406212,0.012960466556251049,0.05673208087682724,0.02576788142323494
611,0.05122708901762962,0.016688181087374687,0.1053655594587326,0.055191367864608765
612,0.09780477732419968,0.054432447999715805,0.07439650595188141,0.03768348693847656
613,0.0645524263381958,0.028393331915140152,0.030229423195123672,0.013295385986566544
614,0.03992878273129463,0.01879432052373886,0.03732858970761299,0.011685008183121681
615,0.03683405742049217,0.01447526179254055,0.030820446088910103,0.014245948754251003
616,0.05430717393755913,0.023516934365034103,0.05024847015738487,0.03996877744793892
617,0.052566275000572205,0.022807564586400986,0.03318285569548607,0.017613427713513374
618,0.051636140793561935,0.022953234612941742,0.09331458061933517,0.03732895478606224
619,0.05373004823923111,0.02261616475880146,0.0259308572858572,0.00923971552401781
620,0.0328713022172451,0.012342319823801517,0.18133544921875,0.06717561185359955
621,0.07849309593439102,0.03418530151247978,0.028924383223056793,0.009028689935803413
622,0.04798701032996178,0.02202802523970604,0.04279615357518196,0.012646932154893875
623,0.03552551195025444,0.016481958329677582,0.08307003974914551,0.06019601970911026
624,0.035636406391859055,0.014836091548204422,0.03965464606881142,0.016465701162815094
625,0.03314609453082085,0.011025529354810715,0.040089961141347885,0.013216272927820683
626,0.042364828288555145,0.016119029372930527,0.05181514844298363,0.022927097976207733
627,0.05896340310573578,0.029028207063674927,0.07040367275476456,0.03980585187673569
628,0.044547513127326965,0.018594801425933838,0.035085808485746384,0.012909182347357273
629,0.029382120817899704,0.01119579654186964,0.1363438367843628,0.06725046783685684
630,0.05870242044329643,0.0220075324177742,0.020172027871012688,0.01038709282875061
631,0.03017251566052437,0.014230320230126381,0.12306913733482361,0.03881489858031273
632,0.06669701635837555,0.027863813564181328,0.022692356258630753,0.012296581640839577
633,0.041166745126247406,0.015603646636009216,0.08143515884876251,0.036387450993061066
634,0.044371236115694046,0.016594866290688515,0.024436501786112785,0.011724221520125866
635,0.03138495236635208,0.012328972108662128,0.034211479127407074,0.012783143669366837
636,0.039167650043964386,0.016945859417319298,0.020381491631269455,0.010529227554798126
637,0.043778762221336365,0.02028561197221279,0.0373864471912384,0.013719910755753517
638,0.03289591521024704,0.013605901040136814,0.2669759690761566,0.11279645562171936
639,0.08927430957555771,0.035980772227048874,0.0287990290671587,0.01828109659254551
640,0.06977209448814392,0.03551967442035675,0.12479185312986374,0.057821501046419144
641,0.06605684012174606,0.02767152711749077,0.035138651728630066,0.017142413184046745
642,0.04272225871682167,0.01636498048901558,0.039024997502565384,0.014596099965274334
643,0.04903119429945946,0.016119102016091347,0.03655324503779411,0.023070836439728737
644,0.04529842734336853,0.021456217393279076,0.02694438397884369,0.010211208835244179
645,0.0336579754948616,0.013425633311271667,0.04552437365055084,0.024394646286964417
646,0.09569167345762253,0.04039527475833893,0.07752184569835663,0.023573890328407288
647,0.06903526186943054,0.024047592654824257,0.14866401255130768,0.038980983197689056
648,0.07461947947740555,0.02697226218879223,0.05001233145594597,0.01496775820851326
649,0.034115470945835114,0.012230612337589264,0.02777361124753952,0.011703797616064548
650,0.03658371791243553,0.012882114388048649,0.033856723457574844,0.02184717170894146
651,0.049406301230192184,0.020115679129958153,0.031875986605882645,0.015468604862689972
652,0.048938218504190445,0.01988770253956318,0.06480253487825394,0.02529877983033657
653,0.06142771989107132,0.03077087365090847,0.5960409045219421,0.16409724950790405
654,0.24306336045265198,0.11760160326957703,0.3927331268787384,0.0933419018983841
655,0.1396835744380951,0.06410768628120422,0.029579391703009605,0.01690828613936901
656,0.09531064331531525,0.035514120012521744,0.07056811451911926,0.044083476066589355
657,0.0479096993803978,0.017481118440628052,0.04827595129609108,0.018484773114323616
658,0.03773391991853714,0.013315895572304726,0.02782910130918026,0.01404381264001131
659,0.034196823835372925,0.012124999426305294,0.059264689683914185,0.025251351296901703
660,0.08561772108078003,0.03519246354699135,0.0663767084479332,0.03765976056456566
661,0.03593830019235611,0.013345844112336636,0.02862430177628994,0.01113627478480339
662,0.036264725029468536,0.016507335007190704,0.04301844537258148,0.027364647015929222
663,0.029034890234470367,0.01059676706790924,0.034261614084243774,0.01097074244171381
664,0.04193370044231415,0.019404036924242973,0.02851138636469841,0.01517235767096281
665,0.027836646884679794,0.01237383484840393,0.023321237415075302,0.007742404937744141
666,0.029402758926153183,0.009101330302655697,0.034333739429712296,0.011205332353711128
667,0.04498104006052017,0.014044921845197678,0.042421650141477585,0.017403941601514816
668,0.056843459606170654,0.026282470673322678,0.029309982433915138,0.010507993400096893
669,0.05360478535294533,0.018364429473876953,0.01982760615646839,0.009231651201844215
670,0.025241604074835777,0.009420930407941341,0.11289871484041214,0.03460988029837608
671,0.07239881902933121,0.03566787764430046,0.028088204562664032,0.013945648446679115
672,0.0343756340444088,0.011721793562173843,0.01984953135251999,0.009792409837245941
673,0.03284404054284096,0.013090434484183788,0.041210517287254333,0.01982884854078293
674,0.04909249022603035,0.018208645284175873,0.029835030436515808,0.016063082963228226
675,0.05698543041944504,0.022953012958168983,0.04884057492017746,0.02971501648426056
676,0.06597014516592026,0.02744102291762829,0.19347578287124634,0.06553906202316284
677,0.09353890269994736,0.036882851272821426,0.03373057767748833,0.01899060420691967
678,0.03871949762105942,0.01758236065506935,0.05257703736424446,0.014757702127099037
679,0.07212746143341064,0.029032396152615547,0.10061369091272354,0.061102285981178284
680,0.05647033825516701,0.02009262517094612,0.08743979781866074,0.029809165745973587
681,0.06030251458287239,0.025027655065059662,0.0680554136633873,0.04069346934556961
682,0.06603515893220901,0.03844263777136803,0.1437091827392578,0.07671036571264267
683,0.07342972606420517,0.030106311663985252,0.09048271924257278,0.059754494577646255
684,0.08687259256839752,0.04536844417452812,0.14679372310638428,0.10937507450580597
685,0.09352459013462067,0.046352118253707886,0.05807400867342949,0.027677273377776146
686,0.03763199225068092,0.016194771975278854,0.03786744549870491,0.019398793578147888
687,0.04597275331616402,0.02031976357102394,0.029614711180329323,0.009442487731575966
688,0.028162755072116852,0.011721884831786156,0.05622077360749245,0.021975809708237648
689,0.037261396646499634,0.017698965966701508,0.05805838480591774,0.031168557703495026
690,0.06758453696966171,0.026939664036035538,0.09082913398742676,0.032668013125658035
691,0.04857539013028145,0.019533973187208176,0.047750797122716904,0.0255875326693058
692,0.03513569384813309,0.011764400638639927,0.0546395443379879,0.017190786078572273
693,0.034695763140916824,0.013849006034433842,0.02527817338705063,0.015316182747483253
694,0.025373900309205055,0.010067098774015903,0.04581141099333763,0.02047928050160408
695,0.03243584185838699,0.013306695967912674,0.04604199528694153,0.010993998497724533
696,0.02607276476919651,0.009735235944390297,0.04949818551540375,0.028681110590696335
697,0.027211353182792664,0.010591804049909115,0.038804687559604645,0.012157819233834743
698,0.033070579171180725,0.010699824430048466,0.016769254580140114,0.005027012899518013
699,0.020327415317296982,0.005922531243413687,0.029624126851558685,0.00848294235765934
700,0.021040597930550575,0.007172976620495319,0.10014432668685913,0.05090922489762306
701,0.05119013041257858,0.019168436527252197,0.053659915924072266,0.023690393194556236
702,0.06444665789604187,0.02260783687233925,0.028220204636454582,0.012472822330892086
703,0.03144804760813713,0.012549085542559624,0.04549481347203255,0.015450621955096722
704,0.0375235341489315,0.014335711486637592,0.3140813112258911,0.15459923446178436
705,0.16510732471942902,0.06848207116127014,0.40673959255218506,0.12662547826766968
706,0.1333225816488266,0.05559639260172844,0.06556608527898788,0.01747300662100315
707,0.05854387581348419,0.024438202381134033,0.0511726476252079,0.030499940738081932
708,0.03314422443509102,0.011821156367659569,0.02720690704882145,0.016278715804219246
709,0.036208633333444595,0.014681903645396233,0.029031669721007347,0.008564473129808903
710,0.02618120051920414,0.009059115312993526,0.0910678505897522,0.05215909332036972
711,0.07427621632814407,0.03148533031344414,0.08259657025337219,0.032533131539821625
712,0.039929214864969254,0.01478851679712534,0.31323033571243286,0.16625858843326569
713,0.12776753306388855,0.05195726081728935,0.03720741719007492,0.010837694630026817
714,0.047374896705150604,0.018517792224884033,0.0674547329545021,0.028978629037737846
715,0.07760333269834518,0.0317484550178051,0.03411215916275978,0.02268240973353386
716,0.03654071316123009,0.013950019143521786,0.09501656889915466,0.05639633163809776
717,0.04787256568670273,0.020870782434940338,0.02787473425269127,0.008141071535646915
718,0.03502426669001579,0.013543293811380863,0.07727043330669403,0.04519505798816681
719,0.0851401537656784,0.04202800616621971,0.10832460224628448,0.04221110790967941
720,0.09213265031576157,0.03184756636619568,0.08353427797555923,0.033827293664216995
721,0.05760819464921951,0.02529815398156643,0.085159532725811,0.03510696068406105
722,0.052987899631261826,0.018527435138821602,0.04092511534690857,0.013808047398924828
723,0.04751134663820267,0.018482042476534843,0.037000883370637894,0.015141166746616364
724,0.05494460090994835,0.01771605759859085,0.03989144414663315,0.02107703685760498
725,0.03490860015153885,0.011991052888333797,0.04997199401259422,0.034836865961551666
726,0.04122808203101158,0.015553849749267101,0.03999074548482895,0.010449484921991825
727,0.047259215265512466,0.019711637869477272,0.04347557574510574,0.01213254313915968
728,0.027432739734649658,0.008667579852044582,0.1531718522310257,0.05515580251812935
729,0.05162130296230316,0.021072404459118843,0.10586170852184296,0.04705965891480446
730,0.06286747008562088,0.022655773907899857,0.0362788587808609,0.014628004282712936
731,0.02928394451737404,0.011916947551071644,0.03634517267346382,0.013084521517157555
732,0.031272582709789276,0.011088330298662186,0.04240301996469498,0.011233908124268055
733,0.032570164650678635,0.010807006619870663,0.05266384780406952,0.021422090008854866
734,0.04089904949069023,0.019171131774783134,0.06818252801895142,0.044785164296627045
735,0.04878021404147148,0.025228925049304962,0.21712833642959595,0.06760440766811371
736,0.087431401014328,0.04037724807858467,0.0486643984913826,0.021702976897358894
737,0.03023684397339821,0.012181990779936314,0.06962711364030838,0.015881670638918877
738,0.043151579797267914,0.01591859757900238,0.09414014965295792,0.027673831209540367
739,0.05948447436094284,0.026608390733599663,0.03058331273496151,0.0192528385668993
740,0.028041252866387367,0.011321541853249073,0.04349512979388237,0.032724179327487946
741,0.030810680240392685,0.012497520074248314,0.024363894015550613,0.011422362178564072
742,0.03994663804769516,0.01583135314285755,0.11061836034059525,0.039124809205532074
743,0.050895433872938156,0.01815982162952423,0.05949759855866432,0.03370998427271843
744,0.04998321831226349,0.02318606711924076,0.21910305321216583,0.06940864026546478
745,0.08535318076610565,0.031186379492282867,0.07300446182489395,0.04141802340745926
746,0.04133782535791397,0.016501089558005333,0.049345050007104874,0.0156564861536026
747,0.03349776193499565,0.013998724520206451,0.022452501580119133,0.009232809767127037
748,0.03413564711809158,0.012484755367040634,0.03036641515791416,0.008260168135166168
749,0.03919636085629463,0.012891954742372036,0.02379261888563633,0.010094805620610714
750,0.02570958249270916,0.008596456609666348,0.21986053884029388,0.08034992218017578
751,0.05873822793364525,0.020467609167099,0.05336255952715874,0.034670911729335785
752,0.03644454479217529,0.01617654226720333,0.051032863557338715,0.03197253867983818
753,0.06641951948404312,0.027160197496414185,0.03127114847302437,0.016592808067798615
754,0.04082611948251724,0.018108177930116653,0.04237063229084015,0.021091710776090622
755,0.026641497388482094,0.010344544425606728,0.1624855101108551,0.08396335691213608
756,0.09793268144130707,0.037901900708675385,0.018007174134254456,0.008548939600586891
757,0.02695588581264019,0.012455216608941555,0.09800258278846741,0.06380348652601242
758,0.06411134451627731,0.03076181188225746,0.05638650804758072,0.03468676283955574
759,0.08130395412445068,0.036704398691654205,0.03646620735526085,0.02477252297103405
760,0.06361750513315201,0.02967902086675167,0.027612648904323578,0.009136511944234371
761,0.0445115827023983,0.019369076937437057,0.024668574333190918,0.01304131280630827
762,0.027730615809559822,0.010969198308885098,0.019746320322155952,0.007127240765839815
763,0.026037052273750305,0.009154189378023148,0.042866043746471405,0.014580599032342434
764,0.03860891982913017,0.018365688621997833,0.02168586291372776,0.013203416019678116
765,0.03554050251841545,0.010327634401619434,0.03980281949043274,0.014629801735281944
766,0.03127141296863556,0.012303883209824562,0.052418917417526245,0.02998495101928711
767,0.0355432964861393,0.012039115652441978,0.09302238374948502,0.03057119809091091
768,0.0366324819624424,0.013004954904317856,0.028940122574567795,0.01236739195883274
769,0.039232924580574036,0.014539951458573341,0.20252792537212372,0.11229107528924942
770,0.11115945875644684,0.040368497371673584,0.2455165684223175,0.09770308434963226
771,0.07549960166215897,0.041451405733823776,0.06409928947687149,0.040297843515872955
772,0.04819169640541077,0.023711254820227623,0.04785539582371712,0.01315495278686285
773,0.07723882794380188,0.03426884114742279,0.05296587944030762,0.0315648689866066
774,0.039597708731889725,0.01648188941180706,0.0370926558971405,0.02388729527592659
775,0.03325149789452553,0.01323355920612812,0.02780856564640999,0.006109051872044802
776,0.03678029030561447,0.012762359343469143,0.02361571229994297,0.011571340262889862
777,0.02758423238992691,0.011535149067640305,0.027249431237578392,0.01056530699133873
778,0.028644489124417305,0.011349148117005825,0.025077570229768753,0.009284982457756996
779,0.023549377918243408,0.0087916674092412,0.022679157555103302,0.01220925897359848
780,0.02775089628994465,0.010287021286785603,0.17494603991508484,0.06253267079591751
781,0.054892513900995255,0.020701125264167786,0.0496753491461277,0.03428227826952934
782,0.03318116441369057,0.01354159228503704,0.04472161456942558,0.028135037049651146
783,0.03390328958630562,0.013772635720670223,0.49819719791412354,0.1846773326396942
784,0.13792270421981812,0.06390336155891418,0.10972846299409866,0.07839546352624893
785,0.07714729011058807,0.03276725858449936,0.05839594826102257,0.037619706243276596
786,0.05668529495596886,0.023518996313214302,0.19464287161827087,0.06392838805913925
787,0.08867380023002625,0.03782074153423309,0.16094903647899628,0.07158615440130234
788,0.07544127851724625,0.03098301962018013,0.04959423467516899,0.01390940323472023
789,0.029120387509465218,0.012821453623473644,0.02588215097784996,0.014917876571416855
790,0.030497368425130844,0.011398596689105034,0.034702591598033905,0.010399272665381432
791,0.031153803691267967,0.01411307230591774,0.08240868896245956,0.047631021589040756
792,0.045489341020584106,0.020612357184290886,0.11989827454090118,0.08234985172748566
793,0.05282621458172798,0.022434692829847336,0.033421922475099564,0.01648099534213543
794,0.03540520742535591,0.015087091363966465,0.02736380137503147,0.008019493892788887
795,0.03446044772863388,0.014368425123393536,0.03391654044389725,0.015730762854218483
796,0.047999799251556396,0.01770808733999729,0.042376380413770676,0.026403503492474556
797,0.06042049080133438,0.022228864952921867,0.05982139706611633,0.026488246396183968
798,0.03456418961286545,0.014940637163817883,0.04183141142129898,0.0255257748067379
799,0.03399238362908363,0.011547821573913097,0.05135517939925194,0.029047207906842232
800,0.030774695798754692,0.010297872126102448,0.020467786118388176,0.011538691818714142
801,0.047567542642354965,0.019171973690390587,0.12004436552524567,0.03363386541604996
802,0.05875174701213837,0.024926934391260147,0.034965451806783676,0.021293796598911285
803,0.03726648911833763,0.02104366384446621,0.044646911323070526,0.018870720639824867
804,0.02729380503296852,0.010280123911798,0.02915814332664013,0.012651467695832253
805,0.03574623540043831,0.011460266076028347,0.13774454593658447,0.03871636465191841
806,0.09023064374923706,0.03568325564265251,0.05012224614620209,0.013815986923873425
807,0.11531344056129456,0.05833548307418823,0.051662325859069824,0.020070962607860565
808,0.06390641629695892,0.026377474889159203,0.028981303796172142,0.0086585758253932
809,0.03718370199203491,0.015697339549660683,0.03957405686378479,0.014273304492235184
810,0.03697928041219711,0.014000382274389267,0.05593657121062279,0.024524010717868805
811,0.05526293069124222,0.022175414487719536,0.021486012265086174,0.012658803723752499
812,0.030523095279932022,0.01270748395472765,0.025940651074051857,0.009357817471027374
813,0.036634545773267746,0.013085877522826195,0.03346170112490654,0.016940588131546974
814,0.03530726209282875,0.012542975135147572,0.12104648351669312,0.036093369126319885
815,0.060760486871004105,0.025115419179201126,0.041817374527454376,0.030365362763404846
816,0.044915854930877686,0.019413216039538383,0.020043058320879936,0.005979142151772976
817,0.030402369797229767,0.012803547084331512,0.07448537647724152,0.03636839985847473
818,0.038154106587171555,0.012983248569071293,0.025819025933742523,0.009152792394161224
819,0.037295181304216385,0.015375463292002678,0.027598971500992775,0.014217806048691273
820,0.02291969023644924,0.009171673096716404,0.09201931953430176,0.024307044222950935
821,0.037947267293930054,0.012354198843240738,0.036988984793424606,0.013698139227926731
822,0.02721729502081871,0.007570626679807901,0.02217230387032032,0.01129028107970953
823,0.02416754886507988,0.010202164761722088,0.015618217177689075,0.006529425270855427
824,0.02339845709502697,0.007710280362516642,0.06844672560691833,0.02632736600935459
825,0.02792947366833687,0.010310272686183453,0.023423289880156517,0.01252682413905859
826,0.03122231736779213,0.01265066210180521,0.07698649168014526,0.04238922894001007
827,0.04938565567135811,0.02231847494840622,0.03344301879405975,0.009875892661511898
828,0.026616182178258896,0.009557993151247501,0.018472891300916672,0.004633186850696802
829,0.019747044891119003,0.006217221263796091,0.02492227964103222,0.01045968197286129
830,0.029327524825930595,0.011235406622290611,0.04639313742518425,0.01843782514333725
831,0.02889585867524147,0.010079259984195232,0.06045126914978027,0.02267449162900448
832,0.02872188575565815,0.009321922436356544,0.03278891742229462,0.01215672492980957
833,0.018937550485134125,0.005812548100948334,0.06744590401649475,0.042565520852804184
834,0.053665999323129654,0.020573660731315613,0.02699335105717182,0.014513564296066761
835,0.05426697060465813,0.025286415591835976,0.035548511892557144,0.010173800401389599
836,0.032013844698667526,0.011626103892922401,0.03283722698688507,0.018739787861704826
837,0.041772034019231796,0.015116080641746521,0.03356807306408882,0.00907775480300188
838,0.02232641726732254,0.008258435875177383,0.04334399104118347,0.01098573300987482
839,0.029249371960759163,0.011161142028868198,0.04359332099556923,0.015007062815129757
840,0.030731741338968277,0.011207317002117634,0.024522148072719574,0.01549526583403349
841,0.021925462409853935,0.007564743049442768,0.026809459552168846,0.009687612764537334
842,0.02676689624786377,0.009020215831696987,0.023283176124095917,0.012556548230350018
843,0.023227212950587273,0.007410737685859203,0.06393095850944519,0.026858458295464516
844,0.039693064987659454,0.016136635094881058,0.04561683163046837,0.029479436576366425
845,0.03279916197061539,0.01413691509515047,0.036241382360458374,0.013526680879294872
846,0.021761246025562286,0.00821308046579361,0.015762122347950935,0.006046077236533165
847,0.02638937719166279,0.00881933979690075,0.023459019139409065,0.010954189114272594
848,0.028528213500976562,0.011299815028905869,0.025715680792927742,0.005945911630988121
849,0.017375480383634567,0.00576744694262743,0.012480368837714195,0.004074737895280123
850,0.015534181147813797,0.004952235147356987,0.01670316606760025,0.004417836666107178
851,0.02082258090376854,0.007433141116052866,0.028608452528715134,0.015230701304972172
852,0.07912402600049973,0.031594470143318176,0.07445644587278366,0.024654507637023926
853,0.08010344952344894,0.03270992264151573,0.04440933093428612,0.014799314551055431
854,0.054139863699674606,0.020690035074949265,0.040048256516456604,0.017811616882681847
855,0.030422477051615715,0.010388161055743694,0.08969402313232422,0.022133521735668182
856,0.062189266085624695,0.0227739829570055,0.06456951797008514,0.053838834166526794
857,0.06704244762659073,0.033714693039655685,0.03852202743291855,0.018580559641122818
858,0.054454170167446136,0.02061496302485466,0.031018203124403954,0.019941899925470352
859,0.029732778668403625,0.011611858382821083,0.036554690450429916,0.018435634672641754
860,0.04262368008494377,0.02013261802494526,0.059122636914253235,0.02075093798339367
861,0.03849257156252861,0.016830086708068848,0.016061559319496155,0.006482390221208334
862,0.03003068082034588,0.011141731403768063,0.043879590928554535,0.013597385957837105
863,0.048105817288160324,0.018951212987303734,0.03943663835525513,0.023324694484472275
864,0.041443198919296265,0.018276141956448555,0.0668305829167366,0.03683682531118393
865,0.039394866675138474,0.02019793540239334,0.01979205198585987,0.00910890381783247
866,0.02326108142733574,0.008592236787080765,0.024565638974308968,0.006902493070811033
867,0.02374262362718582,0.009560179896652699,0.04441920295357704,0.016204578801989555
868,0.05029647424817085,0.021911976858973503,0.08975282311439514,0.05981643497943878
869,0.059427715837955475,0.027973778545856476,0.0939805805683136,0.04187512397766113
870,0.07747114449739456,0.02977384813129902,0.4451456367969513,0.1703055500984192
871,0.2888546884059906,0.10922907292842865,0.0798366591334343,0.01872441917657852
872,0.08193226903676987,0.0288152564316988,0.027278833091259003,0.013169381767511368
873,0.06296383589506149,0.022317346185445786,0.08966022729873657,0.03435790538787842
874,0.04872916638851166,0.02462865225970745,0.023787956684827805,0.011064894497394562
875,0.02721566893160343,0.00929442048072815,0.032713066786527634,0.02176675759255886
876,0.02393370121717453,0.008714000694453716,0.08402909338474274,0.0399610809981823
877,0.046403687447309494,0.016826264560222626,0.08317027986049652,0.035294171422719955
878,0.05770872160792351,0.022392302751541138,0.029096849262714386,0.016629153862595558
879,0.044752221554517746,0.020050544291734695,0.3309434652328491,0.18906857073307037
880,0.1575223058462143,0.07171321660280228,0.10149464011192322,0.04043214023113251
881,0.13515426218509674,0.05522862821817398,0.23122230172157288,0.07368122786283493
882,0.11878339946269989,0.04293060675263405,0.06651169061660767,0.024101553484797478
883,0.05911063402891159,0.022218182682991028,0.03353913128376007,0.01570839434862137
884,0.03798125311732292,0.01547226868569851,0.0846051573753357,0.018986474722623825
885,0.04637749120593071,0.01872875727713108,0.07581578195095062,0.015291388146579266
886,0.03441137075424194,0.012514559552073479,0.02394554764032364,0.01280114147812128
887,0.025555888190865517,0.008510606363415718,0.02935381978750229,0.01047687977552414
888,0.030070217326283455,0.012929285876452923,0.07922887057065964,0.016019299626350403
889,0.05862024798989296,0.023449061438441277,0.14498111605644226,0.09263979643583298
890,0.097404845058918,0.03992651775479317,0.04109194129705429,0.016979623585939407
891,0.039152421057224274,0.016245771199464798,0.031487129628658295,0.009031894616782665
892,0.025525296106934547,0.009675832465291023,0.026751913130283356,0.01753569208085537
893,0.023658178746700287,0.008642301894724369,0.017944211140275,0.005581574980169535
894,0.016950789839029312,0.005359596572816372,0.0858096033334732,0.025187397375702858
895,0.03476829454302788,0.011968406848609447,0.057865504175424576,0.042290907353162766
896,0.0679142102599144,0.027364421635866165,0.09600408375263214,0.04463760554790497
897,0.08013806492090225,0.033878810703754425,0.0288703553378582,0.009921571239829063
898,0.033257074654102325,0.01391959935426712,0.018847249448299408,0.007869328372180462
899,0.021818766370415688,0.008980009704828262,0.111115001142025,0.055165234953165054
900,0.07131225615739822,0.030702991411089897,0.0767221450805664,0.03814832866191864
901,0.04867541790008545,0.02105691097676754,0.034203413873910904,0.010119426064193249
902,0.029622964560985565,0.0121228639036417,0.043906860053539276,0.0205527376383543
903,0.028583506122231483,0.010159499011933804,0.018282683566212654,0.008978043682873249
904,0.017382092773914337,0.005029972176998854,0.028087221086025238,0.006333572324365377
905,0.019219985231757164,0.005994870793074369,0.019351797178387642,0.008252261206507683
906,0.032744042575359344,0.014085624366998672,0.06765022873878479,0.031077081337571144
907,0.03466266766190529,0.013219736516475677,0.016798989847302437,0.005684318020939827
908,0.022213511168956757,0.008206124417483807,0.013429850339889526,0.004529998172074556
909,0.015327264554798603,0.004519408103078604,0.0850197896361351,0.055373553186655045
910,0.038083527237176895,0.018220754340291023,0.15285634994506836,0.036366526037454605
911,0.07356294244527817,0.026300864294171333,0.053419873118400574,0.028455784544348717
912,0.059548355638980865,0.027425458654761314,0.036562301218509674,0.018627820536494255
913,0.06273969262838364,0.02950732409954071,0.03509356826543808,0.017617644742131233
914,0.0518951416015625,0.023711590096354485,0.04949839413166046,0.030502820387482643
915,0.02754129469394684,0.01077143382281065,0.033071164041757584,0.015412585809826851
916,0.03622741624712944,0.011964687146246433,0.024244965985417366,0.005990881472826004
917,0.02497841976583004,0.010103515349328518,0.059664689004421234,0.04219181835651398
918,0.03815324977040291,0.015657616779208183,0.04197482764720917,0.01856108196079731
919,0.021338114514946938,0.008681533858180046,0.0299107413738966,0.018869847059249878
920,0.024616606533527374,0.010408286936581135,0.03999309986829758,0.009633762761950493
921,0.028503380715847015,0.009808915667235851,0.0582730807363987,0.029814185574650764
922,0.05415721982717514,0.020890021696686745,0.1233915314078331,0.04641936346888542
923,0.0778847336769104,0.0367266982793808,0.2754802405834198,0.12750712037086487
924,0.09200179576873779,0.03153082728385925,0.04814764857292175,0.00870475172996521
925,0.02957320585846901,0.01208004541695118,0.20148111879825592,0.05895718187093735
926,0.10755721479654312,0.05094890668988228,0.12705594301223755,0.03342819586396217
927,0.08617240190505981,0.023767687380313873,0.16668158769607544,0.08088847994804382
928,0.11159975081682205,0.045322660356760025,0.056722451001405716,0.037819016724824905
929,0.053171250969171524,0.020961981266736984,0.03933500498533249,0.011501372791826725
930,0.039995159953832626,0.012645889073610306,0.09521257132291794,0.04699672758579254
931,0.05082793906331062,0.0204524677246809,0.13639982044696808,0.06499489396810532
932,0.0806053951382637,0.03397930786013603,0.05462967976927757,0.016505051404237747
933,0.0672878548502922,0.026372510939836502,0.08220449090003967,0.03654319792985916
934,0.04646868631243706,0.017632482573390007,0.04287637770175934,0.011865580454468727
935,0.03067532181739807,0.010194685310125351,0.018805604428052902,0.006559767760336399
936,0.030262621119618416,0.012256825342774391,0.08672451227903366,0.035947881639003754
937,0.044446878135204315,0.02020995318889618,0.07181607931852341,0.02716907113790512
938,0.03751428425312042,0.01382786687463522,0.025156483054161072,0.012878959067165852
939,0.031778547912836075,0.013302561827003956,0.04651375859975815,0.01383593212813139
940,0.03839739039540291,0.015060787089169025,0.038845501840114594,0.021346785128116608
941,0.02281452901661396,0.01040432509034872,0.16274334490299225,0.05989398434758186
942,0.05134489759802818,0.017933255061507225,0.04868018999695778,0.023211361840367317
943,0.04118315130472183,0.01710628531873226,0.03642074018716812,0.01373046264052391
944,0.018702177330851555,0.00562835531309247,0.17325802147388458,0.08335777372121811
945,0.09100700914859772,0.03775855153799057,0.10888379067182541,0.02874104492366314
946,0.040881939232349396,0.01456157024949789,0.042392123490571976,0.030073853209614754
947,0.029429098591208458,0.01460393238812685,0.050667162984609604,0.016070283949375153
948,0.02540631778538227,0.008778334595263004,0.028645748272538185,0.009777274914085865
949,0.02209707722067833,0.0077467747032642365,0.03613896295428276,0.024715151637792587
950,0.030980108305811882,0.012303654104471207,0.029495693743228912,0.013669867068529129
951,0.028379015624523163,0.010110870003700256,0.015302802436053753,0.006692154332995415
952,0.016195040196180344,0.005406511016190052,0.01422884315252304,0.004286589100956917
953,0.018709953874349594,0.0059303161688148975,0.012504168786108494,0.004035976715385914
954,0.02155027724802494,0.00700273085385561,0.16632179915905,0.1089830994606018
955,0.09535141289234161,0.05182283744215965,0.15633642673492432,0.04957156255841255
956,0.04789986461400986,0.021248964592814445,0.03800513595342636,0.01966424472630024
957,0.024483969435095787,0.009473557583987713,0.013472113758325577,0.0054484521970152855
958,0.021085675805807114,0.007426222786307335,0.029333986341953278,0.011636885814368725
959,0.024999544024467468,0.010390625335276127,0.01573876291513443,0.009512950666248798
960,0.02843843400478363,0.010701805353164673,0.06102307140827179,0.03450794890522957
961,0.042952440679073334,0.015566009096801281,0.17820049822330475,0.058335352689027786
962,0.09793279320001602,0.05241890624165535,0.0462334118783474,0.028907760977745056
963,0.06671558320522308,0.034191232174634933,0.06470868736505508,0.03507089987397194
964,0.07659149169921875,0.03361215442419052,0.12108974158763885,0.05530473589897156
965,0.0654527023434639,0.025231311097741127,0.03239382803440094,0.01747419312596321
966,0.0268153827637434,0.010639927349984646,0.03343507647514343,0.015083982609212399
967,0.03445890545845032,0.012581274844706059,0.03299504518508911,0.014042437076568604
968,0.03982021287083626,0.016890093684196472,0.02806190960109234,0.01870761811733246
969,0.03273744508624077,0.012995370663702488,0.07491462677717209,0.019587958231568336
970,0.06125495955348015,0.021812383085489273,0.1318429708480835,0.0678403377532959
971,0.0673215389251709,0.02976173907518387,0.0375216118991375,0.010524037294089794
972,0.04046712815761566,0.01714896783232689,0.09353102743625641,0.03471457585692406
973,0.061577409505844116,0.02276528812944889,0.027786126360297203,0.008454528637230396
974,0.02836243249475956,0.009198297746479511,0.014606949873268604,0.0054004257544875145
975,0.02174527198076248,0.00783783569931984,0.019114013761281967,0.005350006744265556
976,0.03464571386575699,0.013520056381821632,0.03192717581987381,0.011679079383611679
977,0.028010213747620583,0.008865995332598686,0.030675778165459633,0.012452972121536732
978,0.02754795551300049,0.010774672962725163,0.02538054995238781,0.005828913301229477
979,0.02092777192592621,0.00612648157402873,0.020805926993489265,0.004726214334368706
980,0.016325538977980614,0.004790478851646185,0.03179183974862099,0.024444112554192543
981,0.023254655301570892,0.009400850161910057,0.04683298617601395,0.02477174438536167
982,0.03980289027094841,0.01719093509018421,0.045111168175935745,0.03128993883728981
983,0.03441978618502617,0.012457246892154217,0.057991720736026764,0.018315471708774567
984,0.03392169624567032,0.01064787246286869,0.030583934858441353,0.00890696607530117
985,0.02202489785850048,0.007424815092235804,0.025653405115008354,0.012693257071077824
986,0.027984030544757843,0.011124830693006516,0.01937662623822689,0.010543448850512505
987,0.022514835000038147,0.009573535993695259,0.018946154043078423,0.007775991689413786
988,0.032138898968696594,0.011534546501934528,0.020905878394842148,0.006651549134403467
989,0.023892700672149658,0.008524342440068722,0.04288299381732941,0.02045476622879505
990,0.03541088104248047,0.013465045019984245,0.054922983050346375,0.015873199328780174
991,0.01873939298093319,0.005832773167639971,0.030249834060668945,0.009890819899737835
992,0.020830484107136726,0.008730869740247726,0.10831084102392197,0.040280818939208984
993,0.04498711973428726,0.016694197431206703,0.018718203529715538,0.00845850259065628
994,0.027636801823973656,0.011398735456168652,0.017138665542006493,0.004632015712559223
995,0.01630030758678913,0.005900262389332056,0.04680595546960831,0.03752846643328667
996,0.02092459239065647,0.009753182530403137,0.01906737871468067,0.011247225105762482
997,0.01557989977300167,0.0048453533090651035,0.019305389374494553,0.011714586988091469
998,0.014675825834274292,0.005593102425336838,0.024303512647747993,0.017550818622112274
999,0.054504793137311935,0.022000737488269806,0.04074331745505333,0.00503787025809288
1000,0.06562385708093643,0.024610407650470734,0.07366316020488739,0.017639461904764175
1001,0.05975240841507912,0.021009227260947227,0.060409534722566605,0.03030015528202057
1002,0.04332614317536354,0.016166284680366516,0.043692752718925476,0.014169406145811081
1003,0.02547488361597061,0.00884371716529131,0.02001074329018593,0.01026985514909029
1004,0.025605060160160065,0.009536433964967728,0.019306261092424393,0.007561726961284876
1005,0.024252260103821754,0.010501043871045113,0.03142398223280907,0.006668593734502792
1006,0.02427547797560692,0.008002880960702896,0.02850630134344101,0.010269802995026112
1007,0.02519300952553749,0.00902148149907589,0.03473305329680443,0.024991292506456375
1008,0.06801267713308334,0.03137064725160599,0.09127209335565567,0.0356433242559433
1009,0.0674310177564621,0.03226694464683533,0.07967668771743774,0.014918594621121883
1010,0.04560350999236107,0.01778574287891388,0.14093872904777527,0.07860712707042694
1011,0.07094423472881317,0.02713819220662117,0.01601395197212696,0.0059384130872786045
1012,0.023172561079263687,0.007814438082277775,0.012678699567914009,0.0035830510314553976
1013,0.016853459179401398,0.005331730470061302,0.046678487211465836,0.02266673743724823
1014,0.04453755542635918,0.0164369884878397,0.12309885025024414,0.04520479217171669
1015,0.04940696805715561,0.017094330862164497,0.04544832184910774,0.029471412301063538
1016,0.033258553594350815,0.011239307001233101,0.04044153541326523,0.018205249682068825
1017,0.03000667132437229,0.012544271536171436,0.014201699756085873,0.0030949432402849197
1018,0.025919856503605843,0.009852487593889236,0.03133957460522652,0.01622495986521244
1019,0.026766695082187653,0.009908338077366352,0.01337716355919838,0.004495847970247269
1020,0.02057347260415554,0.007668665610253811,0.1687665581703186,0.07030288875102997
1021,0.06428740918636322,0.027166858315467834,0.017406897619366646,0.006328223738819361
1022,0.02183890901505947,0.007115474436432123,0.05177871882915497,0.03434942662715912
1023,0.04493957385420799,0.023400239646434784,0.14838287234306335,0.0475398451089859
1024,0.10215604305267334,0.04339810088276863,0.07573376595973969,0.04319969564676285
1025,0.10843955725431442,0.048079926520586014,0.05608849227428436,0.03642932325601578
1026,0.04058144614100456,0.020399149507284164,0.022985177114605904,0.010381444357335567
1027,0.035813432186841965,0.015678953379392624,0.057257384061813354,0.010947268456220627
1028,0.03220522776246071,0.012106886133551598,0.016627278178930283,0.004955303389579058
1029,0.026154985651373863,0.009474723599851131,0.04651904106140137,0.007279044482856989
1030,0.020202945917844772,0.005710849072784185,0.024702470749616623,0.0127688217908144
1031,0.023661034181714058,0.0075353411957621574,0.015810010954737663,0.00637320289388299
1032,0.024846632033586502,0.009790982119739056,0.03384469449520111,0.015710584819316864
1033,0.03256627917289734,0.011599214747548103,0.02599407732486725,0.012132047675549984
1034,0.04379670321941376,0.020419517531991005,0.07626697421073914,0.032571982592344284
1035,0.09152231365442276,0.04294999688863754,0.15703120827674866,0.07869058102369308
1036,0.09680520743131638,0.042274221777915955,0.0486295111477375,0.026869414374232292
1037,0.05025540292263031,0.023252423852682114,0.05179010331630707,0.014522609300911427
1038,0.04208679869771004,0.016780409961938858,0.024800920858979225,0.01021245401352644
1039,0.026813006028532982,0.010774009861052036,0.2377300262451172,0.14744800329208374
1040,0.07092560082674026,0.024676701053977013,0.019931569695472717,0.007064273580908775
1041,0.0279223695397377,0.01014852523803711,0.08560486882925034,0.03735645115375519
1042,0.0663032978773117,0.027053000405430794,0.03351014107465744,0.010245378129184246
1043,0.02102590911090374,0.007139405235648155,0.016541700810194016,0.005437837913632393
1044,0.02153986319899559,0.006798435468226671,0.03324071317911148,0.010817344300448895
1045,0.02479577250778675,0.009661509655416012,0.07124403864145279,0.0175651665776968
1046,0.03172990679740906,0.010422949679195881,0.027294890955090523,0.003987484145909548
1047,0.018101168796420097,0.00495709665119648,0.0501069538295269,0.02999436855316162
1048,0.037757933139801025,0.013470731675624847,0.038071684539318085,0.00990990549325943
1049,0.024733208119869232,0.008003602735698223,0.06626258790493011,0.04204260930418968
1050,0.024141302332282066,0.010797669179737568,0.029313310980796814,0.019869530573487282
1051,0.029450567439198494,0.014241520315408707,0.042210981249809265,0.027324695140123367
1052,0.03284047544002533,0.015276539139449596,0.22652161121368408,0.09986735135316849
1053,0.15610016882419586,0.06282556056976318,0.2606579661369324,0.07327770441770554
1054,0.20771053433418274,0.09487980604171753,0.27739691734313965,0.08482953906059265
1055,0.1655704528093338,0.06832380592823029,0.11489930003881454,0.03270026296377182
1056,0.07228489965200424,0.03295402228832245,0.07522591203451157,0.04022659361362457
1057,0.06568355113267899,0.027124010026454926,0.04845162481069565,0.012003382667899132
1058,0.05170917510986328,0.018660325556993484,0.045996107161045074,0.013319931924343109
1059,0.038642510771751404,0.0129736652597785,0.023871755227446556,0.011629413813352585
1060,0.02526295743882656,0.00795657280832529,0.06090816855430603,0.018899165093898773
1061,0.026983089745044708,0.00937877781689167,0.024196404963731766,0.007608010899275541
1062,0.02243935503065586,0.007390852086246014,0.06772543489933014,0.026799848303198814
1063,0.04118477553129196,0.016724899411201477,0.04701218008995056,0.019032683223485947
1064,0.029810884967446327,0.010866666212677956,0.019965123385190964,0.009857092052698135
1065,0.022320272400975227,0.00819906685501337,0.019574293866753578,0.005381554365158081
1066,0.02474360354244709,0.009343676269054413,0.0940561518073082,0.025270285084843636
1067,0.028126152232289314,0.009940195828676224,0.0845026969909668,0.02531653456389904
1068,0.04286119341850281,0.01660020276904106,0.03389955684542656,0.019599076360464096
1069,0.01980796828866005,0.007641931064426899,0.027316784486174583,0.005470408126711845
1070,0.029577719047665596,0.010016612708568573,0.0302658099681139,0.007863469421863556
1071,0.02258073166012764,0.007518269121646881,0.017783788964152336,0.008431168273091316
1072,0.02646654099225998,0.009164356626570225,0.012459264136850834,0.004768626298755407
1073,0.028312359005212784,0.01135945413261652,0.07791664451360703,0.02521178312599659
1074,0.03509467467665672,0.013928206637501717,0.017242806032299995,0.008941213600337505
1075,0.022907501086592674,0.008317857049405575,0.033984940499067307,0.009547526016831398
1076,0.01955290138721466,0.007732111029326916,0.1291472315788269,0.044453687965869904
1077,0.03981686756014824,0.016302797943353653,0.05136847496032715,0.012451402842998505
1078,0.038629427552223206,0.017678871750831604,0.10297645628452301,0.05410571023821831
1079,0.07100570946931839,0.02702861651778221,0.03412855044007301,0.01359710842370987
1080,0.03454500064253807,0.013711758889257908,0.04150886833667755,0.014458819292485714
1081,0.04386558383703232,0.01617640256881714,0.018521925434470177,0.007775280624628067
1082,0.0282371174544096,0.010266725905239582,0.028807824477553368,0.010610576719045639
1083,0.02671300806105137,0.010798202827572823,0.013834438286721706,0.0037831657100468874
1084,0.01996385119855404,0.006744879763573408,0.044876642525196075,0.010736273601651192
1085,0.050589509308338165,0.020286040380597115,0.13423189520835876,0.057676538825035095
1086,0.0656311884522438,0.025502018630504608,0.023573212325572968,0.009247338399291039
1087,0.04955308139324188,0.02069108933210373,0.05173119157552719,0.037560559809207916
1088,0.03539261221885681,0.015313809737563133,0.030036117881536484,0.01466572005301714
1089,0.032692838460206985,0.012017903849482536,0.04245324060320854,0.023241065442562103
1090,0.06620847433805466,0.029254481196403503,0.08321662992238998,0.046593304723501205
1091,0.11721689254045486,0.04740581661462784,0.11446749418973923,0.01664699986577034
1092,0.08266914635896683,0.030947253108024597,0.04663851857185364,0.007886315695941448
1093,0.038824304938316345,0.017503848299384117,0.0688919872045517,0.03803457319736481
1094,0.08321082592010498,0.03946990892291069,0.042502112686634064,0.011204550042748451
1095,0.051140785217285156,0.022567221894860268,0.04840676486492157,0.021851349622011185
1096,0.03623996302485466,0.01438701618462801,0.021790260449051857,0.011215048842132092
1097,0.02158779837191105,0.007533359341323376,0.059726882725954056,0.020559336990118027
1098,0.03225063905119896,0.013204125687479973,0.10934213548898697,0.05401501804590225
1099,0.07579918950796127,0.03190998360514641,0.18918180465698242,0.0444180965423584
1100,0.06434272974729538,0.024811934679746628,0.05813392624258995,0.023590967059135437
1101,0.04199754074215889,0.014875170774757862,0.060680270195007324,0.01933100074529648
1102,0.03124995529651642,0.01244066096842289,0.0687980055809021,0.0280635803937912
1103,0.029382918030023575,0.009981350041925907,0.033668264746665955,0.010282290168106556
1104,0.025613663718104362,0.009208901785314083,0.018687214702367783,0.005112451501190662
1105,0.024385424330830574,0.00875281821936369,0.02365238592028618,0.00988834723830223
1106,0.02316180057823658,0.009599294513463974,0.03285205364227295,0.015975909307599068
1107,0.024074573069810867,0.008806177414953709,0.08017203956842422,0.05146285146474838
1108,0.0439920611679554,0.0191156268119812,0.14351163804531097,0.037568412721157074
1109,0.040663037449121475,0.017625905573368073,0.032982029020786285,0.008558433502912521
1110,0.029491910710930824,0.010542625561356544,0.03559986501932144,0.018746264278888702
1111,0.017544670030474663,0.007255066651850939,0.011481029912829399,0.0042978753335773945
1112,0.013533616438508034,0.003918934613466263,0.04435727000236511,0.021640503779053688
1113,0.03713104501366615,0.01239871233701706,0.06402403116226196,0.02066221460700035
1114,0.0232390146702528,0.008952985517680645,0.2083442360162735,0.10317486524581909
1115,0.09794922918081284,0.05082142353057861,0.09086868911981583,0.02607053332030773
1116,0.06119673699140549,0.02641928195953369,0.1017422080039978,0.035702139139175415
1117,0.04980120807886124,0.018001552671194077,0.06969458609819412,0.019535379484295845
1118,0.05909993499517441,0.025968853384256363,0.03323765844106674,0.018309930339455605
1119,0.04120117053389549,0.01513872854411602,0.07192644476890564,0.027983130887150764
1120,0.044906482100486755,0.017268624156713486,0.05825386568903923,0.029689611867070198
1121,0.03296978026628494,0.01527328509837389,0.05658998340368271,0.033224109560251236
1122,0.03255937248468399,0.012245441786944866,0.1303780972957611,0.04998238384723663
1123,0.05828149989247322,0.026792174205183983,0.2599405348300934,0.06088816002011299
1124,0.07425332069396973,0.029288537800312042,0.035184286534786224,0.020283522084355354
1125,0.033502157777547836,0.014291650615632534,0.02574547939002514,0.011162727139890194
1126,0.02078595757484436,0.007441261783242226,0.048097044229507446,0.015071800909936428
1127,0.03657583147287369,0.01316886581480503,0.027568019926548004,0.015820249915122986
1128,0.026273760944604874,0.009521940723061562,0.05138018727302551,0.013468341901898384
1129,0.027171442285180092,0.008792531676590443,0.06722720712423325,0.02728678286075592
1130,0.0360819548368454,0.01534714363515377,0.03765416145324707,0.016918376088142395
1131,0.053232789039611816,0.02041224204003811,0.027459805831313133,0.015703918412327766
1132,0.0339784249663353,0.013524921610951424,0.07063748687505722,0.022481484338641167
1133,0.03953681141138077,0.016158683225512505,0.041690729558467865,0.016876282170414925
1134,0.02386738732457161,0.010260084643959999,0.028126589953899384,0.009861208498477936
1135,0.023089703172445297,0.007313558366149664,0.025816278532147408,0.016239803284406662
1136,0.03276046738028526,0.011482599191367626,0.04228561744093895,0.011891800910234451
1137,0.02768329344689846,0.011197189800441265,0.013834224082529545,0.005876580253243446
1138,0.024450452998280525,0.009830523282289505,0.07368159294128418,0.024981504306197166
1139,0.04532990604639053,0.02035401202738285,0.019996147602796555,0.01159700471907854
1140,0.020224478095769882,0.006770064122974873,0.017666781321167946,0.005464972462505102
1141,0.017027121037244797,0.006180069409310818,0.038610681891441345,0.014940891414880753
1142,0.026030996814370155,0.011088439263403416,0.040496014058589935,0.023849496617913246
1143,0.033157676458358765,0.012439311482012272,0.3216308355331421,0.15445034205913544
1144,0.15772390365600586,0.067114919424057,0.12166301906108856,0.04717474430799484
1145,0.09719036519527435,0.0340852215886116,0.12767449021339417,0.021739481016993523
1146,0.05831945687532425,0.021270183846354485,0.01823538728058338,0.0064692567102611065
1147,0.03745748847723007,0.01532053668051958,0.03022962063550949,0.018851032480597496
1148,0.03754803538322449,0.01824078895151615,0.014116630889475346,0.005426280666142702
1149,0.017510751262307167,0.005853712093085051,0.021689364686608315,0.01181811559945345
1150,0.02292449027299881,0.009397422894835472,0.03829621896147728,0.011913440190255642
1151,0.021962789818644524,0.006958824582397938,0.2131768763065338,0.10319799184799194
1152,0.08304455131292343,0.03865557536482811,0.427634596824646,0.1125887855887413
1153,0.17968159914016724,0.07084629684686661,0.09839656949043274,0.022334881126880646
1154,0.05289969965815544,0.02890693210065365,0.04721396416425705,0.026918044313788414
1155,0.04848943650722504,0.020689746364951134,0.09199400246143341,0.07112427055835724
1156,0.07784239947795868,0.03162414953112602,0.06424557417631149,0.04731719568371773
1157,0.08068626374006271,0.030874300748109818,0.0654401034116745,0.040924668312072754
1158,0.035899560898542404,0.013851619325578213,0.07224881649017334,0.033104754984378815
1159,0.05445527657866478,0.017981957644224167,0.0810236930847168,0.0554613433778286
1160,0.0438140369951725,0.021849725395441055,0.05461009591817856,0.029202038422226906
1161,0.02643457055091858,0.01373695395886898,0.02633681148290634,0.007376828696578741
1162,0.02740386873483658,0.010356847196817398,0.02049887925386429,0.009951100684702396
1163,0.01996396668255329,0.008162647485733032,0.04117858037352562,0.013497826643288136
1164,0.022661255672574043,0.00828887801617384,0.04058316722512245,0.009505190886557102
1165,0.014955118298530579,0.004367093555629253,0.01242660079151392,0.0028932744171470404
1166,0.012778552249073982,0.0038210416678339243,0.014573931694030762,0.00757004925981164
1167,0.023102257400751114,0.00723317451775074,0.0766843780875206,0.027962617576122284
1168,0.042716775089502335,0.01668858714401722,0.07496745884418488,0.035640764981508255
1169,0.04077962785959244,0.014681708067655563,0.025743089616298676,0.01215087529271841
1170,0.019975798204541206,0.008827579207718372,0.013954135589301586,0.00402231328189373
1171,0.013926660642027855,0.004604488145560026,0.01385980099439621,0.00630336394533515
1172,0.016550397500395775,0.005601493176072836,0.033377718180418015,0.014272017404437065
1173,0.023861903697252274,0.00931831356137991,0.10919028520584106,0.04465142637491226
1174,0.07190543413162231,0.03326130285859108,0.08160708099603653,0.046158745884895325
1175,0.04461987689137459,0.018144378438591957,0.03501725569367409,0.01201583817601204
1176,0.033198680728673935,0.011948797851800919,0.04144023731350899,0.010822568088769913
1177,0.021764380857348442,0.007962088100612164,0.052892979234457016,0.029195638373494148
1178,0.021552525460720062,0.007802574895322323,0.03658214956521988,0.00954506080597639
1179,0.020144259557127953,0.006741392891854048,0.019190708175301552,0.003721554297953844
1180,0.014958375133574009,0.00457952031865716,0.08371788263320923,0.033914122730493546
1181,0.05176344886422157,0.01812615431845188,0.027162356302142143,0.008445619605481625
1182,0.01769549399614334,0.0069785150699317455,0.03361213579773903,0.008882836438715458
1183,0.02049989439547062,0.007224779110401869,0.013874752447009087,0.006632800213992596
1184,0.013414014130830765,0.004191682208329439,0.015763215720653534,0.00731416093185544
1185,0.012608683668076992,0.003766110632568598,0.009853246621787548,0.001969814533367753
1186,0.011763402260839939,0.0031097065657377243,0.018497416749596596,0.0040420605801045895
1187,0.021776294335722923,0.0083561260253191,0.16015958786010742,0.10245552659034729
1188,0.06523982435464859,0.03256455808877945,0.035213373601436615,0.014098120853304863
1189,0.04089359566569328,0.013501331210136414,0.32237541675567627,0.13987664878368378
1190,0.10737636685371399,0.04236350581049919,0.038527656346559525,0.015787644311785698
1191,0.04856780543923378,0.022107722237706184,0.14737246930599213,0.06518629193305969
1192,0.1018252894282341,0.03959637135267258,0.09283123165369034,0.06716375052928925
1193,0.11584404110908508,0.048120155930519104,0.03359351307153702,0.022534837946295738
1194,0.05709466338157654,0.0245270486921072,0.07305149734020233,0.043394699692726135
1195,0.0436287485063076,0.01642432250082493,0.018266210332512856,0.005331653170287609
1196,0.018358634784817696,0.005554444156587124,0.013035602867603302,0.005186085589230061
1197,0.01708982326090336,0.005362325813621283,0.017741791903972626,0.0035302795004099607
1198,0.01647849939763546,0.004943602252751589,0.0475013367831707,0.015237582847476006
1199,0.021797727793455124,0.0074876779690384865,0.01078882534056902,0.002685283776372671
1200,0.0138943400233984,0.004054524470120668,0.009722400456666946,0.0024913877714425325
1201,0.012521810829639435,0.004445923026651144,0.0591905303299427,0.023402875289320946
1202,0.02024436928331852,0.00780368922278285,0.02110838145017624,0.009266373701393604
1203,0.016889533028006554,0.006824831943958998,0.04512053355574608,0.009502923116087914
1204,0.021805819123983383,0.00826159119606018,0.11959153413772583,0.06127982214093208
1205,0.05286431312561035,0.021377788856625557,0.035697225481271744,0.014818098396062851
1206,0.026425082236528397,0.010533330962061882,0.10628843307495117,0.04990331828594208
1207,0.043629880994558334,0.02074684575200081,0.024640269577503204,0.016170496121048927
1208,0.022975346073508263,0.009078667499125004,0.03758621588349342,0.02540428377687931
1209,0.016574108973145485,0.006177993491292,0.07483972609043121,0.032546453177928925
1210,0.04607892408967018,0.01832837425172329,0.039900753647089005,0.015454811975359917
1211,0.04531355947256088,0.015994843095541,0.013987681828439236,0.004944883286952972
1212,0.020962078124284744,0.007592170964926481,0.07988518476486206,0.025288915261626244
1213,0.03470955789089203,0.01336766965687275,0.02696060575544834,0.015363425947725773
1214,0.021695194765925407,0.008612439967691898,0.01454702578485012,0.007885225117206573
1215,0.018222803249955177,0.007684759795665741,0.025096001103520393,0.008259638212621212
1216,0.022868050262331963,0.008046839386224747,0.03384599834680557,0.01785757578909397
1217,0.06979537755250931,0.026576638221740723,0.052575379610061646,0.03440544754266739
1218,0.04552488401532173,0.024329043924808502,0.01874198392033577,0.010228371247649193
1219,0.02264593355357647,0.009244016371667385,0.042318277060985565,0.012853489257395267
1220,0.02273453399538994,0.008131026290357113,0.04074956104159355,0.015104086138308048
1221,0.02630736492574215,0.009526235982775688,0.0515824556350708,0.018714124336838722
1222,0.04068411886692047,0.021419279277324677,0.01751822419464588,0.005506100133061409
1223,0.020901266485452652,0.007885373197495937,0.01261049136519432,0.005163100548088551
1224,0.012815538793802261,0.004425170365720987,0.07969319820404053,0.02463020756840706
1225,0.02968876250088215,0.012215975672006607,0.024156933650374413,0.010834021493792534
1226,0.017862653359770775,0.005926488433033228,0.021552789956331253,0.005405643954873085
1227,0.01284383051097393,0.0037258921656757593,0.04347913712263107,0.011949200183153152
1228,0.04064338281750679,0.016541453078389168,0.1115603819489479,0.05503546819090843
1229,0.04853089898824692,0.018541885539889336,0.032941125333309174,0.017430832609534264
1230,0.024975908920168877,0.01069536991417408,0.030145011842250824,0.008241953328251839
1231,0.019840911030769348,0.007880917750298977,0.04186306148767471,0.015632960945367813
1232,0.01951550878584385,0.006119303405284882,0.01508001796901226,0.00315498118288815
1233,0.017310263589024544,0.005898585543036461,0.014338355511426926,0.006324087269604206
1234,0.01896854117512703,0.007955298759043217,0.08234623074531555,0.02699778974056244
1235,0.02701890654861927,0.009883811697363853,0.018244028091430664,0.007262157276272774
1236,0.015291498973965645,0.005196539219468832,0.02861977368593216,0.015524213202297688
1237,0.027969561517238617,0.010672125965356827,0.06740722805261612,0.036266669631004333
1238,0.06373782455921173,0.022547394037246704,0.1549646258354187,0.08560048788785934
1239,0.12643015384674072,0.05399109795689583,0.48161301016807556,0.12321674078702927
1240,0.17318205535411835,0.06072795018553734,0.04546505957841873,0.028407925739884377
1241,0.05510237440466881,0.02720419503748417,0.06686987727880478,0.013883156701922417
1242,0.04280519858002663,0.01860235631465912,0.1945974975824356,0.09857241809368134
1243,0.10258741676807404,0.0437607578933239,0.0413968451321125,0.013814522884786129
1244,0.033392712473869324,0.013237617909908295,0.036494676023721695,0.022780301049351692
1245,0.06503025442361832,0.032698486000299454,0.045470573008060455,0.008536878041923046
1246,0.037660516798496246,0.014578655362129211,0.06184115260839462,0.01690872758626938
1247,0.03423747420310974,0.011753997765481472,0.09971465170383453,0.02622290886938572
1248,0.038435034453868866,0.013433710671961308,0.01856502704322338,0.010575261898338795
1249,0.01745605282485485,0.005920713301748037,0.01572595164179802,0.008401385508477688
1250,0.01622815802693367,0.004795428365468979,0.02401699312031269,0.004543249029666185
1251,0.01484646275639534,0.004078343510627747,0.021787142381072044,0.007181105669587851
1252,0.0164413470774889,0.006027639377862215,0.04542805999517441,0.019025390967726707
1253,0.026638060808181763,0.00964807253330946,0.0468125157058239,0.01419746596366167
1254,0.048966582864522934,0.017921695485711098,0.17082028090953827,0.09813223779201508
1255,0.06907631456851959,0.03177478164434433,0.02945329248905182,0.017514200881123543
1256,0.022199586033821106,0.009778215549886227,0.02893895097076893,0.011699986644089222
1257,0.019497046247124672,0.006992065813392401,0.014616901986300945,0.006873555947095156
1258,0.021849514916539192,0.0078335115686059,0.015886588022112846,0.0038957572542130947
1259,0.014511916786432266,0.004323343746364117,0.0169089175760746,0.005959315225481987
1260,0.014636003412306309,0.004763205535709858,0.10178501158952713,0.07078833132982254
1261,0.049763813614845276,0.02577543631196022,0.026853827759623528,0.010071554221212864
1262,0.024658221751451492,0.009149150922894478,0.0489640049636364,0.025212474167346954
1263,0.02792208082973957,0.010096007026731968,0.01423825416713953,0.005187869071960449
1264,0.01980426348745823,0.006238924339413643,0.04962260276079178,0.03874732181429863
1265,0.04267875850200653,0.01649143174290657,0.07227614521980286,0.03789746016263962
1266,0.039906665682792664,0.01710302196443081,0.0231939610093832,0.005117717199027538
1267,0.022483214735984802,0.00813843309879303,0.013487296178936958,0.0029639294371008873
1268,0.01340916845947504,0.003910611849278212,0.013006390072405338,0.0034855883568525314
1269,0.018295837566256523,0.005895394366234541,0.030545098707079887,0.022814258933067322
1270,0.03819067031145096,0.014549866318702698,0.04332223907113075,0.01544286496937275
1271,0.03808658942580223,0.016283370554447174,0.10766278952360153,0.03614315390586853
1272,0.0464906319975853,0.017395485192537308,0.02093295380473137,0.00783085823059082
1273,0.015436766669154167,0.005275184288620949,0.02519543468952179,0.010625414550304413
1274,0.01592451147735119,0.005316243041306734,0.023421620950102806,0.015107541345059872
1275,0.014656859450042248,0.004576403181999922,0.010837400332093239,0.0031954164151102304
1276,0.016373733058571815,0.004626607988029718,0.028553323820233345,0.012212371453642845
1277,0.024451814591884613,0.010350443422794342,0.04997021704912186,0.01843748614192009
1278,0.02988399565219879,0.012076983228325844,0.011014866642653942,0.004278081469237804
1279,0.0393054224550724,0.015742573887109756,0.03887959569692612,0.014964635483920574
1280,0.0252980999648571,0.011659926734864712,0.01993492804467678,0.00457782344892621
1281,0.016465893015265465,0.005907232873141766,0.02551937662065029,0.010242853313684464
1282,0.023493614047765732,0.010262333787977695,0.013392912223935127,0.005366986617445946
1283,0.025737658143043518,0.009146018885076046,0.07281550765037537,0.04472613334655762
1284,0.05793263763189316,0.02366596832871437,0.11806993186473846,0.029289711266756058
1285,0.03969227522611618,0.012704385444521904,0.02569245733320713,0.014563742093741894
1286,0.018771827220916748,0.0068641891703009605,0.009967189282178879,0.00448543019592762
1287,0.01276151742786169,0.0037514199502766132,0.010172548703849316,0.0020580017007887363
1288,0.013484838418662548,0.004085904452949762,0.011386561207473278,0.005151392426341772
1289,0.013790681026875973,0.004204565659165382,0.036943525075912476,0.01134487520903349
1290,0.020702121779322624,0.007914076559245586,0.1334020495414734,0.05385386571288109
1291,0.05321408063173294,0.023877134546637535,0.024735184386372566,0.01401885412633419
1292,0.025217438116669655,0.00849956925958395,0.05052236467599869,0.017777930945158005
1293,0.051284950226545334,0.021524572744965553,0.06933163851499557,0.03345169872045517
1294,0.04589315876364708,0.024028295651078224,0.06110619381070137,0.02605564147233963
1295,0.05096552148461342,0.025527797639369965,0.0345812663435936,0.01193310134112835
1296,0.03521915525197983,0.014371007680892944,0.10453332960605621,0.06482120603322983
1297,0.04871512949466705,0.017338218167424202,0.03462605178356171,0.012079711072146893
1298,0.04496461898088455,0.018932344391942024,0.04010153189301491,0.015614637173712254
1299,0.03212703391909599,0.013071670196950436,0.08670128881931305,0.037730325013399124
1300,0.04303450509905815,0.019232306629419327,0.015187558718025684,0.007141528185456991
1301,0.01758761890232563,0.007024172693490982,0.024176325649023056,0.015646660700440407
1302,0.02070833556354046,0.008183130994439125,0.030294528231024742,0.015208273194730282
1303,0.018334543332457542,0.007660622708499432,0.026728691533207893,0.019634490832686424
1304,0.017882883548736572,0.008679546415805817,0.030562862753868103,0.015378897078335285
1305,0.02607736736536026,0.009708790108561516,0.04039674624800682,0.012347805313766003
1306,0.020350098609924316,0.007552876137197018,0.03900601714849472,0.021530933678150177
1307,0.025919238105416298,0.009484408423304558,0.04105021432042122,0.017715012654662132
1308,0.033918388187885284,0.014169649221003056,0.05805620178580284,0.01376166008412838
1309,0.031247548758983612,0.012510527856647968,0.05980881676077843,0.03287006914615631
1310,0.023081207647919655,0.011291454546153545,0.013277091085910797,0.003602341515943408
1311,0.01557964738458395,0.005547800567001104,0.016718469560146332,0.0030911266803741455
1312,0.015183855779469013,0.005555792711675167,0.011385327205061913,0.0029203116428107023
1313,0.013482466340065002,0.00438854843378067,0.01710544154047966,0.003944436088204384
1314,0.015247571282088757,0.0046658944338560104,0.028996611014008522,0.008405767381191254
1315,0.013679742813110352,0.004693815018981695,0.010825378820300102,0.0035498416982591152
1316,0.01505404431372881,0.005070638842880726,0.34939897060394287,0.1867089420557022
1317,0.1393655687570572,0.07382655143737793,0.03300349414348602,0.01738249510526657
1318,0.04194696992635727,0.016432398930191994,0.05661451444029808,0.039652496576309204
1319,0.08070559054613113,0.033683713525533676,0.1721574366092682,0.08103528618812561
1320,0.08852947503328323,0.0374484546482563,0.27727386355400085,0.14449644088745117
1321,0.12118685990571976,0.05108004808425903,0.06588049232959747,0.016829706728458405
1322,0.04664506018161774,0.013177002780139446,0.05851097032427788,0.028755659237504005
1323,0.038495637476444244,0.019769808277487755,0.018409978598356247,0.006486866623163223
1324,0.027793828397989273,0.01231757365167141,0.05778428167104721,0.029616059735417366
1325,0.05344181880354881,0.019017964601516724,0.03227827697992325,0.007099446840584278
1326,0.038519520312547684,0.018646473065018654,0.02447868511080742,0.012245113961398602
1327,0.032669901847839355,0.01136379037052393,0.07676126062870026,0.03879319503903389
1328,0.04430849850177765,0.01641843654215336,0.17835849523544312,0.04629911482334137
1329,0.06835013628005981,0.02616862580180168,0.023951519280672073,0.01130426675081253
1330,0.02206246741116047,0.007431927137076855,0.03828765079379082,0.01243637315928936
1331,0.022617682814598083,0.008497035130858421,0.05301309749484062,0.03450191393494606
1332,0.03127843514084816,0.0139869200065732,0.06727764755487442,0.013481647707521915
1333,0.04758895933628082,0.01900716871023178,0.03859388455748558,0.01572112739086151
1334,0.027653386816382408,0.011287648230791092,0.01974518783390522,0.007819301448762417
1335,0.01595226861536503,0.005017118528485298,0.010922535322606564,0.00432789558544755
1336,0.012843492440879345,0.003961594309657812,0.03142401576042175,0.012255029752850533
1337,0.02227901667356491,0.007338146213442087,0.013142001815140247,0.0036062917206436396
1338,0.019768275320529938,0.007161895278841257,0.06661564111709595,0.03191168233752251
1339,0.03896778076887131,0.01756543293595314,0.01874728873372078,0.009891500696539879
1340,0.01973535306751728,0.007661472074687481,0.013569622300565243,0.005883786827325821
1341,0.013333460316061974,0.0035898226778954268,0.009451653808355331,0.003064271993935108
1342,0.017113709822297096,0.005815406329929829,0.01009034737944603,0.0028602874372154474
1343,0.011765212751924992,0.003410147735849023,0.013412874191999435,0.005788040813058615
1344,0.010804470628499985,0.003331034444272518,0.019210301339626312,0.005296487361192703
1345,0.01250483002513647,0.003908655606210232,0.026175053790211678,0.020214904099702835
1346,0.02371835894882679,0.009863688610494137,0.09790220111608505,0.027923550456762314
1347,0.051435813307762146,0.021048367023468018,0.020739855244755745,0.01242765225470066
1348,0.029643002897500992,0.013692598789930344,0.048947833478450775,0.008395101875066757
1349,0.0247554462403059,0.008829609490931034,0.026917003095149994,0.008672681637108326
1350,0.015275372192263603,0.00566289946436882,0.010872550308704376,0.0038231918588280678
1351,0.018242061138153076,0.006487582344561815,0.013297555036842823,0.004883931018412113
1352,0.016900761052966118,0.006111691240221262,0.03658853471279144,0.012694811448454857
1353,0.022285979241132736,0.00743477139621973,0.01261044479906559,0.003524655709043145
1354,0.01818048395216465,0.007606895174831152,0.016634471714496613,0.007308327127248049
1355,0.02265896275639534,0.008679896593093872,0.02006356231868267,0.006385321728885174
1356,0.021069062873721123,0.00799330323934555,0.04805250093340874,0.025999845936894417
1357,0.022763269022107124,0.010829410515725613,0.07682598382234573,0.031639643013477325
1358,0.08640598505735397,0.03394238278269768,0.12920500338077545,0.030817406252026558
1359,0.08461498469114304,0.03016393445432186,0.30631089210510254,0.16510015726089478
1360,0.10100744664669037,0.043083228170871735,0.03586244955658913,0.010580730624496937
1361,0.03782083839178085,0.016499413177371025,0.04122272506356239,0.008343991823494434
1362,0.038946401327848434,0.015533477067947388,0.06648729741573334,0.02360549010336399
1363,0.04900667816400528,0.023451106622815132,0.4456518888473511,0.21559648215770721
1364,0.14415869116783142,0.057946741580963135,0.05681285262107849,0.03102133981883526
1365,0.05311182513833046,0.023098617792129517,0.021483726799488068,0.00823777262121439
1366,0.022983932867646217,0.008431041613221169,0.031737376004457474,0.009149023331701756
1367,0.02050783857703209,0.0067673614248633385,0.04923596978187561,0.02011234126985073
1368,0.026145460084080696,0.007675536442548037,0.03300393000245094,0.012409109622240067
1369,0.017833951860666275,0.006414693780243397,0.03474968299269676,0.009308027103543282
1370,0.02078663371503353,0.006821873132139444,0.048814140260219574,0.019865239039063454
1371,0.019809400662779808,0.00788300670683384,0.012295762076973915,0.003609985113143921
1372,0.016895877197384834,0.005228670779615641,0.14690643548965454,0.06796591728925705
1373,0.12843403220176697,0.05887749046087265,0.0679255947470665,0.044487956911325455
1374,0.05665526166558266,0.022216038778424263,0.055764924734830856,0.0218279417604208
1375,0.04177689179778099,0.016559230163693428,0.16611100733280182,0.051900383085012436
1376,0.053502123802900314,0.019456971436738968,0.028834600001573563,0.016644665971398354
1377,0.036185264587402344,0.014757795259356499,0.021096246317029,0.010586265474557877
1378,0.023508775979280472,0.008357454091310501,0.02303512580692768,0.004319059196859598
1379,0.020791197195649147,0.0068932510912418365,0.030045093968510628,0.013509822078049183
1380,0.032871145755052567,0.013216666877269745,0.095740407705307,0.028673019260168076
1381,0.03468718379735947,0.013829643838107586,0.029406633228063583,0.012787902727723122
1382,0.03871326148509979,0.013927996158599854,0.09416608512401581,0.03241104260087013
1383,0.04399334639310837,0.01408656220883131,0.013719599694013596,0.003651394508779049
1384,0.014270449988543987,0.0053230891935527325,0.04301618039608002,0.017717618495225906
1385,0.06280922889709473,0.030919179320335388,0.1566321700811386,0.07628343999385834
1386,0.07357021421194077,0.031248891726136208,0.14342465996742249,0.06685978174209595
1387,0.07005725800991058,0.03454407677054405,0.03753790259361267,0.014919216744601727
1388,0.04949990287423134,0.020765094086527824,0.0870421975851059,0.02298358455300331
1389,0.05786538124084473,0.025345126166939735,0.03708724305033684,0.014211131259799004
1390,0.022685762494802475,0.007956788875162601,0.039932385087013245,0.0201122909784317
1391,0.03578903526067734,0.013894625008106232,0.013444703072309494,0.004511343780905008
1392,0.02356405183672905,0.008618044666945934,0.020503444597125053,0.004551678895950317
1393,0.016545869410037994,0.005042577628046274,0.0223037451505661,0.014000644907355309
1394,0.01809351146221161,0.007203605026006699,0.009196744300425053,0.0032280581071972847
1395,0.010850155726075172,0.0031248931773006916,0.01874464564025402,0.007135508116334677
1396,0.014030725695192814,0.0043983436189591885,0.01245917472988367,0.004206265322864056
1397,0.014129175804555416,0.004167853854596615,0.013304612599313259,0.005152028985321522
1398,0.011706485413014889,0.0032696237321943045,0.023944474756717682,0.005754735320806503
1399,0.016214214265346527,0.006183992605656385,0.01814379170536995,0.0077093131840229034
1400,0.020932581275701523,0.006481562741100788,0.010137893259525299,0.004330456256866455
1401,0.02505447156727314,0.009888765402138233,0.019584110006690025,0.007968774065375328
1402,0.018667958676815033,0.008064508438110352,0.04620310664176941,0.024716924875974655
1403,0.022768884897232056,0.010300427675247192,0.02692064829170704,0.01686844415962696
1404,0.01491477433592081,0.005059989169239998,0.014987876638770103,0.008994574658572674
1405,0.022874196991324425,0.009186414070427418,0.025889510288834572,0.007693455088883638
1406,0.01681470312178135,0.006801738403737545,0.013018748722970486,0.0032389319967478514
1407,0.012384162284433842,0.004152817185968161,0.01021880004554987,0.0037409388460218906
1408,0.010756577365100384,0.0029364905785769224,0.016180921345949173,0.008044552989304066
1409,0.019994940608739853,0.006351763848215342,0.05015140026807785,0.012354436330497265
1410,0.018941259011626244,0.0060296994633972645,0.014091606251895428,0.005147379823029041
1411,0.016263946890830994,0.006317980121821165,0.015819991007447243,0.00890299305319786
1412,0.020557116717100143,0.00863754190504551,0.08039859682321548,0.02882637083530426
1413,0.028749095275998116,0.009782913140952587,0.01779724657535553,0.0053673251532018185
1414,0.021379860118031502,0.008390462026000023,0.06872791796922684,0.033476341515779495
1415,0.07463552057743073,0.030257603153586388,0.13354137539863586,0.04193825647234917
1416,0.057031866163015366,0.02313893288373947,0.041306380182504654,0.014309387654066086
1417,0.05883433297276497,0.020063579082489014,0.09250625967979431,0.026016831398010254
1418,0.04081570357084274,0.017512096092104912,0.017009463161230087,0.00785444863140583
1419,0.02021370828151703,0.007433493621647358,0.021464824676513672,0.010032586753368378
1420,0.018271757289767265,0.00632410729303956,0.021293438971042633,0.006148805841803551
1421,0.02297436259686947,0.0071597835049033165,0.06671217083930969,0.019861044362187386
1422,0.027015792205929756,0.010990835726261139,0.016315612941980362,0.007731046061962843
1423,0.01857689954340458,0.006286808289587498,0.017144711688160896,0.0087197320535779
1424,0.015486610122025013,0.0056734392419457436,0.06975966691970825,0.0292102862149477
1425,0.03517353907227516,0.014027394354343414,0.025065016001462936,0.009692808613181114
1426,0.022265126928687096,0.008294478990137577,0.011300640180706978,0.003322287229821086
1427,0.012271950021386147,0.004221178591251373,0.012384159490466118,0.006903312634676695
1428,0.01107927318662405,0.0036568676587194204,0.018056582659482956,0.004784245043992996
1429,0.012699463404715061,0.003995141945779324,0.026532309129834175,0.019130954518914223
1430,0.02581559121608734,0.010142054408788681,0.03556624427437782,0.009444211609661579
1431,0.03365727514028549,0.01142930705100298,0.02283732406795025,0.005745174828916788
1432,0.02877339906990528,0.011807950213551521,0.026610594242811203,0.007398518268018961
1433,0.017969710752367973,0.006989339366555214,0.05530451610684395,0.015750985592603683
1434,0.03910210356116295,0.014538844116032124,0.23919396102428436,0.06867585331201553
1435,0.13851946592330933,0.06569871306419373,0.05864645913243294,0.03789261355996132
1436,0.04725451394915581,0.026403183117508888,0.028635384514927864,0.009967424906790257
1437,0.030542217195034027,0.012399203144013882,0.036797646433115005,0.022676095366477966
1438,0.03268101066350937,0.013301129452884197,0.09430868178606033,0.012292697094380856
1439,0.05712297931313515,0.020966483280062675,0.06105673685669899,0.03600360453128815
1440,0.05690911039710045,0.027943728491663933,0.027020936831831932,0.007742930203676224
1441,0.049683135002851486,0.01845809817314148,0.08896415680646896,0.04425124078989029
1442,0.08406522870063782,0.035730570554733276,0.06164698675274849,0.018126340582966805
1443,0.0795450508594513,0.031221987679600716,0.020643234252929688,0.006012493744492531
1444,0.03469376638531685,0.01413261704146862,0.19482022523880005,0.07133074849843979
1445,0.11517787724733353,0.05140912905335426,0.08202456682920456,0.018218375742435455
1446,0.05005282536149025,0.01966950297355652,0.025741638615727425,0.008716564625501633
1447,0.02709164097905159,0.009625153616070747,0.03845876827836037,0.016082998365163803
1448,0.033815767616033554,0.013187309727072716,0.03158893436193466,0.015851149335503578
1449,0.03756802901625633,0.014587578363716602,0.0362602174282074,0.018347956240177155
1450,0.05295576900243759,0.022118419408798218,0.026423681527376175,0.005679332185536623
1451,0.022902464494109154,0.008661736734211445,0.050147633999586105,0.01135560404509306
1452,0.0402478463947773,0.016023501753807068,0.12161286175251007,0.06504099816083908
1453,0.05969628691673279,0.025406774133443832,0.01868293620646,0.008258689194917679
1454,0.042329560965299606,0.017245465889573097,0.050741251558065414,0.017597751691937447
1455,0.04759044945240021,0.015909859910607338,0.05857451260089874,0.024043841287493706
1456,0.03652255982160568,0.014215407893061638,0.02691660448908806,0.015808649361133575
1457,0.04269371181726456,0.02068956010043621,0.10901880264282227,0.06064832583069801
1458,0.05425332859158516,0.02501402609050274,0.02767256088554859,0.01200419757515192
1459,0.022114090621471405,0.008983279578387737,0.03877067193388939,0.024060463532805443
1460,0.026503823697566986,0.00966106541454792,0.026681872084736824,0.014691527001559734
1461,0.03176476061344147,0.010454393923282623,0.025677714496850967,0.009012887254357338
1462,0.022409100085496902,0.007291439920663834,0.010002382099628448,0.0034201371017843485
1463,0.01386160496622324,0.00443284260109067,0.06196819245815277,0.024670986458659172
1464,0.03928617388010025,0.015615103766322136,0.08400425314903259,0.050131723284721375
1465,0.0586351603269577,0.024132726714015007,0.06195809319615364,0.033783409744501114
1466,0.09186384081840515,0.04596239700913429,0.02053692378103733,0.008447343483567238
1467,0.03247511386871338,0.017418846487998962,0.06564126908779144,0.027171626687049866
1468,0.03247932717204094,0.011952720582485199,0.3695499300956726,0.20479892194271088
1469,0.12923508882522583,0.05876381695270538,0.14436741173267365,0.07978014647960663
1470,0.06821995973587036,0.02737758867442608,0.07327673584222794,0.0328034982085228
1471,0.03402550891041756,0.014720549806952477,0.21578818559646606,0.09196002781391144
1472,0.08501531928777695,0.03144446760416031,0.27030980587005615,0.1048416718840599
1473,0.15173543989658356,0.07424139976501465,0.056463517248630524,0.017580188810825348
1474,0.03404040262103081,0.01605922356247902,0.022391559556126595,0.006256150081753731
1475,0.022812852635979652,0.007033347152173519,0.02432875894010067,0.00848244410008192
1476,0.03486393019556999,0.01585901714861393,0.07999210059642792,0.032097697257995605
1477,0.03384477645158768,0.01630662940442562,0.01636522449553013,0.007041764445602894
1478,0.017669029533863068,0.006509990897029638,0.016175400465726852,0.003275929018855095
1479,0.018982959911227226,0.0059702047146856785,0.023067574948072433,0.008028876036405563
1480,0.021207066252827644,0.006641240790486336,0.01297734770923853,0.004931196570396423
1481,0.016159312799572945,0.006078446749597788,0.033109694719314575,0.008271570317447186
1482,0.01458395179361105,0.004486021585762501,0.013365795835852623,0.003632166190072894
1483,0.01624688319861889,0.005297787021845579,0.016120491549372673,0.003208930604159832
1484,0.010483816266059875,0.003210238413885236,0.02318616397678852,0.0058882832527160645
1485,0.014324233867228031,0.004085085820406675,0.07166266441345215,0.03392428532242775
1486,0.039179276674985886,0.015024234540760517,0.05199773609638214,0.018783047795295715
1487,0.035098135471343994,0.013428067788481712,0.03195234760642052,0.008304490707814693
1488,0.020414788275957108,0.006918107159435749,0.015004463493824005,0.006933084689080715
1489,0.014089454896748066,0.00413729390129447,0.022220611572265625,0.012486841529607773
1490,0.01906876638531685,0.00696576340124011,0.03192956745624542,0.010263044387102127
1491,0.019490551203489304,0.005558185279369354,0.028909288346767426,0.014453156851232052
1492,0.02870168909430504,0.010435198433697224,0.022293739020824432,0.007017510011792183
1493,0.017529476433992386,0.006258079782128334,0.02531426027417183,0.009462343528866768
1494,0.0221102274954319,0.008005311712622643,0.022056326270103455,0.01259460486471653
1495,0.019026217982172966,0.007569603621959686,0.0377863310277462,0.014220147393643856
1496,0.03429504483938217,0.016889186576008797,0.042531128972768784,0.01519711222499609
1497,0.04023021459579468,0.015137636102735996,0.07206112146377563,0.03302115574479103
1498,0.04664044454693794,0.022825606167316437,0.05392242595553398,0.030671263113617897
1499,0.04101860895752907,0.01631440967321396,0.016904082149267197,0.008170888759195805
