epoch,loss,mse,val_loss,val_mse
0,1.030259370803833,0.5216420888900757,0.8997256755828857,0.4042467474937439
1,1.03433096408844,0.5482627749443054,0.9105063080787659,0.4101223051548004
2,0.9759734869003296,0.49381718039512634,0.9458553791046143,0.4227961599826813
3,0.9817214012145996,0.49221697449684143,0.9061936736106873,0.406288743019104
4,0.9873255491256714,0.5040075778961182,0.9549691677093506,0.4256863296031952
5,0.9903011322021484,0.4898829162120819,0.8912827968597412,0.39623504877090454
6,1.0003427267074585,0.5130318999290466,0.9603541493415833,0.4330483376979828
7,0.98586106300354,0.497013121843338,0.8984816074371338,0.40313711762428284
8,0.9831703901290894,0.49100300669670105,0.9389238953590393,0.43410423398017883
9,0.9931560158729553,0.5007901191711426,0.8926103115081787,0.39637452363967896
10,0.9750519394874573,0.4937247037887573,0.9178641438484192,0.4133966863155365
11,0.9939358234405518,0.5094712972640991,0.9166334271430969,0.40366947650909424
12,0.9830396771430969,0.4922184348106384,0.9036339521408081,0.408527672290802
13,0.9832876920700073,0.4910222589969635,0.9175406098365784,0.4223148226737976
14,1.004267930984497,0.4973277449607849,0.8939878940582275,0.3984355032444
15,0.9831084609031677,0.4940655529499054,0.9196546673774719,0.4244799315929413
16,1.0005979537963867,0.49473172426223755,0.9070736765861511,0.4114150106906891
17,1.002882957458496,0.5166406631469727,0.8926113247871399,0.3968489170074463
18,0.9853696227073669,0.49468353390693665,0.9430883526802063,0.4432038962841034
19,0.9771558046340942,0.4937606453895569,0.9246128797531128,0.4084751009941101
20,0.9758827090263367,0.49034422636032104,0.9079338312149048,0.4101260006427765
21,0.9752082228660583,0.4929128885269165,0.8988958597183228,0.4022059738636017
22,0.9957867860794067,0.5049275159835815,0.9078230261802673,0.4023531973361969
23,0.9796658754348755,0.48732873797416687,0.9246833920478821,0.42946857213974
24,0.9780902862548828,0.4919430613517761,0.9176069498062134,0.41251900792121887
25,0.9735051393508911,0.48998329043388367,0.9360964894294739,0.4276823401451111
26,0.9979738593101501,0.5131176710128784,0.8975236415863037,0.40071070194244385
27,0.9766608476638794,0.4886344075202942,0.9176828265190125,0.42003729939460754
28,0.9758729338645935,0.49250173568725586,0.9022257924079895,0.4047945439815521
29,0.9884498715400696,0.49032488465309143,0.9244357347488403,0.4260338842868805
30,0.9882658123970032,0.5052940249443054,0.8959277272224426,0.39910688996315
31,0.9908294081687927,0.5035871863365173,0.9088101387023926,0.41240882873535156
32,0.979340672492981,0.48958590626716614,0.9196515083312988,0.41674569249153137
33,0.9782278537750244,0.4943762421607971,0.8964105248451233,0.39964789152145386
34,0.9830263257026672,0.4925145208835602,0.9168916344642639,0.42026856541633606
35,0.9725691080093384,0.4902927875518799,0.9029778838157654,0.4008970558643341
36,0.975103497505188,0.4926784634590149,0.9116479754447937,0.40997040271759033
37,0.9720401763916016,0.48945412039756775,0.9183976650238037,0.41189324855804443
38,0.9740409255027771,0.4905320107936859,0.9145194292068481,0.41767632961273193
39,0.9841128587722778,0.5015840530395508,0.9053984880447388,0.4078066945075989
40,0.9723779559135437,0.490395188331604,0.913004457950592,0.4097197651863098
41,0.9852434396743774,0.5006469488143921,0.9017912149429321,0.4037076532840729
42,0.991338849067688,0.5018908977508545,0.9062109589576721,0.41003188490867615
43,0.9778211712837219,0.49626588821411133,0.9133226275444031,0.4066743552684784
44,0.9777200818061829,0.4960169792175293,0.9041176438331604,0.40608111023902893
45,0.9740732908248901,0.49125605821609497,0.9135504364967346,0.4106931984424591
46,0.9734590649604797,0.4914650619029999,0.9116767048835754,0.40744471549987793
47,0.9861898422241211,0.5024628043174744,0.89829421043396,0.3970498740673065
48,0.978442907333374,0.4969368577003479,0.9115093946456909,0.41224205493927
49,0.97611403465271,0.49426934123039246,0.8999645709991455,0.4017065763473511
50,0.9786348342895508,0.49150165915489197,0.9162878394126892,0.4185211956501007
51,0.9911011457443237,0.4939645826816559,0.8970608711242676,0.4013765752315521
52,0.9761298894882202,0.4866567850112915,0.942961573600769,0.44807302951812744
53,0.9850561618804932,0.5006887316703796,0.9086745977401733,0.399231880903244
54,0.9775797724723816,0.4905555844306946,0.9272494316101074,0.4308331310749054
55,0.9830501079559326,0.49480345845222473,0.9131805300712585,0.4123818874359131
56,0.9785688519477844,0.49150803685188293,0.9052876234054565,0.4082719087600708
57,0.9720683693885803,0.491228312253952,0.9109674096107483,0.408209890127182
58,0.9751768708229065,0.4884917438030243,0.9255427718162537,0.428935706615448
59,0.9760881066322327,0.4917844235897064,0.9096431732177734,0.4075717628002167
60,0.9876348376274109,0.5042467713356018,0.8983369469642639,0.3980632722377777
61,0.9760906100273132,0.4937985837459564,0.9233119487762451,0.42720574140548706
62,0.9948851466178894,0.5112295150756836,0.9044641852378845,0.4034241735935211
63,0.9832958579063416,0.4968583583831787,0.9047963619232178,0.39628830552101135
64,0.9780217409133911,0.4958620071411133,0.9127371311187744,0.41616934537887573
65,0.9766963720321655,0.4903689920902252,0.9082146286964417,0.40987229347229004
66,0.9703565835952759,0.4896189272403717,0.9262118339538574,0.41936957836151123
67,0.9721292853355408,0.4906099736690521,0.9100551009178162,0.41046983003616333
68,0.9814717769622803,0.4910784363746643,0.9215602278709412,0.4255445897579193
69,0.9869784116744995,0.49380871653556824,0.9032390713691711,0.39939820766448975
70,0.9815165996551514,0.4924733340740204,0.9132012724876404,0.41773077845573425
71,0.9762369990348816,0.491519957780838,0.913327157497406,0.40320831537246704
72,0.9722250699996948,0.4901333153247833,0.9161889553070068,0.4140986502170563
73,0.9753186106681824,0.49277210235595703,0.9265942573547363,0.4242975115776062
74,0.9722716808319092,0.4902224838733673,0.9125881791114807,0.41297560930252075
75,0.9725785255432129,0.49031099677085876,0.9113830327987671,0.4122679531574249
76,0.975066065788269,0.4929250478744507,0.9007838368415833,0.403374582529068
77,0.9759400486946106,0.48941415548324585,0.9254018664360046,0.42623019218444824
78,0.9776925444602966,0.49535539746284485,0.9130256772041321,0.40722060203552246
79,0.9733851552009583,0.4903545677661896,0.9237907528877258,0.42672616243362427
80,0.9772127270698547,0.4908273220062256,0.9007790088653564,0.4033219814300537
81,0.9711931943893433,0.4898190498352051,0.9272541999816895,0.42489251494407654
82,0.9763197302818298,0.4937352240085602,0.9195132255554199,0.41955772042274475
83,0.9718118906021118,0.49015307426452637,0.9029380679130554,0.3970809876918793
84,0.9813036322593689,0.4963347911834717,0.9076611399650574,0.4065887928009033
85,0.9728195071220398,0.4897401034832001,0.9084250926971436,0.40911322832107544
86,0.9804672002792358,0.48950815200805664,0.9160367846488953,0.41448622941970825
87,0.9756696224212646,0.4890560805797577,0.9116644859313965,0.4166054427623749
88,0.9710598587989807,0.48984241485595703,0.9144175052642822,0.4071553945541382
89,0.9734595417976379,0.4916332960128784,0.9082716107368469,0.40774327516555786
90,0.9698728919029236,0.4888942241668701,0.9131494760513306,0.41188952326774597
91,0.97053462266922,0.4899328649044037,0.9314297437667847,0.41348007321357727
92,0.9787178039550781,0.4909491539001465,0.8998597860336304,0.39947474002838135
93,0.9839313626289368,0.4974641501903534,0.901268482208252,0.4043262004852295
94,0.9724639058113098,0.49070072174072266,0.9368612170219421,0.4357130527496338
95,0.9789573550224304,0.4980114698410034,0.9225420951843262,0.4191030263900757
96,0.9718120694160461,0.49103212356567383,0.91835618019104,0.41728004813194275
97,0.9767104983329773,0.49139130115509033,0.9224456548690796,0.42375144362449646
98,0.9738619923591614,0.4896351397037506,0.9140342473983765,0.40877464413642883
99,0.9915451407432556,0.4893527030944824,0.9082248210906982,0.41296112537384033
100,0.9752290844917297,0.4892646372318268,0.9240429401397705,0.412607342004776
101,0.9746373295783997,0.49231159687042236,0.9154900312423706,0.41467049717903137
102,0.9712297916412354,0.4890100061893463,0.9145764112472534,0.41085121035575867
103,0.970044732093811,0.48906058073043823,0.9228294491767883,0.4205702245235443
104,0.975567102432251,0.4938262701034546,0.9260460734367371,0.42244765162467957
105,0.9722926020622253,0.4879283905029297,0.906608521938324,0.3998200297355652
106,0.9756904244422913,0.49284765124320984,0.9038868546485901,0.406733900308609
107,0.9692235589027405,0.4885410964488983,0.927208423614502,0.4247733950614929
108,0.9759507179260254,0.49335095286369324,0.9145152568817139,0.41690436005592346
109,0.9780983924865723,0.49500375986099243,0.906766951084137,0.40286895632743835
110,0.9800601005554199,0.4903034269809723,0.9230215549468994,0.42818793654441833
111,0.9719667434692383,0.4902612864971161,0.9137918949127197,0.4130506217479706
112,0.9713814854621887,0.4885079860687256,0.9147785902023315,0.41801750659942627
113,0.9771294593811035,0.4926959276199341,0.9260409474372864,0.41948607563972473
114,0.9727331399917603,0.49013689160346985,0.920737624168396,0.42515599727630615
115,0.9795448184013367,0.48967963457107544,0.9006385803222656,0.4053839445114136
116,0.9742411971092224,0.4920036792755127,0.9056674242019653,0.40517479181289673
117,0.9687459468841553,0.4872756898403168,0.9225248694419861,0.4240954518318176
118,0.972781777381897,0.48970282077789307,0.9151307940483093,0.41567596793174744
119,0.9692895412445068,0.48846662044525146,0.9101605415344238,0.4122267961502075
120,0.972355842590332,0.48982366919517517,0.9209582805633545,0.4236496090888977
121,0.9708701968193054,0.48991820216178894,0.9102937579154968,0.40776175260543823
122,0.9715718626976013,0.491080641746521,0.9048948884010315,0.40944817662239075
123,0.9701420664787292,0.4880989193916321,0.910443127155304,0.41134124994277954
124,0.9675240516662598,0.48776310682296753,0.9200915694236755,0.41257381439208984
125,0.9706469774246216,0.4894839823246002,0.9156452417373657,0.4154863655567169
126,0.9747010469436646,0.49018043279647827,0.906139075756073,0.41274285316467285
127,0.9817458987236023,0.4885440468788147,0.9093712568283081,0.4012984335422516
128,0.9827529788017273,0.4909050464630127,0.9014232158660889,0.4074430763721466
129,0.9716358184814453,0.4878430962562561,0.9179741144180298,0.41802728176116943
130,0.9682261943817139,0.4876444637775421,0.9086430072784424,0.4095565676689148
131,0.9726719260215759,0.4913766086101532,0.8979647755622864,0.4011116027832031
132,0.9682307839393616,0.4868488013744354,0.9337527751922607,0.43234217166900635
133,0.9719947576522827,0.4899296164512634,0.9181065559387207,0.4094206988811493
134,0.9763705134391785,0.49683353304862976,0.8961625695228577,0.3983115255832672
135,0.9677099585533142,0.48769405484199524,0.912680983543396,0.41528618335723877
136,0.9671058654785156,0.48731520771980286,0.9017941951751709,0.4048192501068115
137,0.9687948822975159,0.48660966753959656,0.9127472043037415,0.4159119427204132
138,0.9718973636627197,0.49255606532096863,0.9005549550056458,0.4044770896434784
139,0.967215895652771,0.4858183264732361,0.9140169620513916,0.4212430715560913
140,0.9791099429130554,0.4982973635196686,0.9059891700744629,0.40402066707611084
141,0.985272228717804,0.4954574704170227,0.8890876770019531,0.39753228425979614
142,0.9734712243080139,0.49195045232772827,0.9251420497894287,0.42037156224250793
143,0.9660764336585999,0.4870513677597046,0.9118227362632751,0.41288501024246216
144,0.9641651511192322,0.485286146402359,0.8978973627090454,0.40025368332862854
145,0.9836440682411194,0.49672818183898926,0.8972529768943787,0.4063512682914734
146,0.9635167121887207,0.48439961671829224,0.9089236259460449,0.4163316786289215
147,0.9647497534751892,0.4866703748703003,0.8918525576591492,0.40368330478668213
148,0.9614173173904419,0.48241937160491943,0.9121323227882385,0.41435468196868896
149,0.964139461517334,0.48636919260025024,0.8940808176994324,0.4096620976924896
150,0.9669005274772644,0.4924258887767792,0.8857095241546631,0.4019883871078491
151,0.9553189277648926,0.4823063611984253,0.9091713428497314,0.41153594851493835
152,0.9513351321220398,0.47912999987602234,0.9018835425376892,0.42342594265937805
153,0.9626867175102234,0.48641568422317505,0.8777207732200623,0.40116649866104126
154,0.9512890577316284,0.48041224479675293,0.8710272908210754,0.39771324396133423
155,0.932087242603302,0.4681849479675293,0.9480451941490173,0.4754410684108734
156,0.9919119477272034,0.5146759152412415,0.8770634531974792,0.3856845498085022
157,0.9551122188568115,0.48285090923309326,0.8622459173202515,0.39524921774864197
158,0.937505841255188,0.4750944674015045,0.8831231594085693,0.4169858992099762
159,0.9692715406417847,0.5002843141555786,0.8917461633682251,0.3882172703742981
160,0.9532253742218018,0.4764806926250458,0.8935729265213013,0.4234914481639862
161,0.9406722187995911,0.4749873876571655,0.8777266144752502,0.3834724426269531
162,0.918725848197937,0.4660893380641937,0.87079918384552,0.41674673557281494
163,0.9240719079971313,0.4660511910915375,0.8325811624526978,0.38959765434265137
164,0.9074985980987549,0.4540921747684479,0.823601245880127,0.38902747631073
165,0.8943672180175781,0.44661858677864075,0.8371296525001526,0.4064774215221405
166,0.8881467580795288,0.4410267770290375,0.8114029169082642,0.37717995047569275
167,0.8858798146247864,0.43891555070877075,0.7931248545646667,0.364175409078598
168,0.8839879631996155,0.4365295171737671,0.826719343662262,0.40826404094696045
169,0.9067618250846863,0.4650386571884155,0.8558374047279358,0.4391552805900574
170,0.8701762557029724,0.4312435984611511,0.840187132358551,0.4236776828765869
171,0.8827509880065918,0.44727641344070435,0.7991029620170593,0.36840203404426575
172,0.9070932865142822,0.4537368714809418,0.8231427073478699,0.366435170173645
173,0.9648216366767883,0.4949837028980255,0.7758059501647949,0.36423259973526
174,0.8768936991691589,0.4360092878341675,0.8290298581123352,0.41823846101760864
175,0.8856942653656006,0.45062386989593506,0.778163731098175,0.354025274515152
176,0.8569222688674927,0.42925918102264404,0.7959097027778625,0.35444411635398865
177,0.8906027674674988,0.42778465151786804,0.7507625818252563,0.35004326701164246
178,0.8469738364219666,0.4197503626346588,0.8336402177810669,0.4475833773612976
179,0.9011514782905579,0.4612564742565155,0.7741343975067139,0.3882174789905548
180,0.8473690748214722,0.41851040720939636,0.8098495602607727,0.4170179069042206
181,0.8776807188987732,0.4387952387332916,0.768562912940979,0.3837105631828308
182,0.8339023590087891,0.4134182929992676,0.7601505517959595,0.3777121603488922
183,0.84251469373703,0.41143813729286194,0.7297099232673645,0.34124770760536194
184,0.8257846832275391,0.4038480520248413,0.7304702997207642,0.35079067945480347
185,0.8219172954559326,0.4062289893627167,0.7200036644935608,0.33413413166999817
186,0.8469179272651672,0.4258674085140228,0.7537177801132202,0.38896700739860535
187,0.815041720867157,0.39797618985176086,0.7240692377090454,0.3278195261955261
188,0.8866735696792603,0.4259355962276459,0.7556289434432983,0.33697813749313354
189,0.8196020722389221,0.4035918116569519,0.7391182780265808,0.3271840214729309
190,0.8091837763786316,0.3945103883743286,0.7127038836479187,0.33712226152420044
191,0.8229147791862488,0.40213868021965027,0.7978764176368713,0.4299374520778656
192,0.806048572063446,0.3983490765094757,0.7275723218917847,0.3740150034427643
193,0.7973942756652832,0.39069390296936035,0.7329042553901672,0.31075388193130493
194,0.8425002098083496,0.4146384000778198,0.7770437598228455,0.33714964985847473
195,0.8088377714157104,0.3979661464691162,0.6719099283218384,0.31301918625831604
196,0.780419111251831,0.3686056137084961,0.6742115616798401,0.30538877844810486
197,0.7652587890625,0.36721521615982056,0.7468539476394653,0.39966651797294617
198,0.8370091319084167,0.42628297209739685,0.7238507866859436,0.3647037148475647
199,0.858893096446991,0.43016156554222107,0.8009733557701111,0.37437206506729126
200,0.8322311043739319,0.4013215899467468,0.6770313382148743,0.3067845404148102
201,0.7684916853904724,0.3670794665813446,0.6671640276908875,0.31088635325431824
202,0.744807243347168,0.3536669611930847,0.7163047790527344,0.29584404826164246
203,0.7681819200515747,0.367642879486084,0.6574620604515076,0.32502585649490356
204,0.754093587398529,0.37169283628463745,0.8150039911270142,0.46074414253234863
205,0.7721654772758484,0.38597166538238525,0.6262093186378479,0.27209579944610596
206,0.7730807662010193,0.3632981479167938,0.6328760981559753,0.2744000256061554
207,0.7500054836273193,0.3476230800151825,0.6574035882949829,0.26992538571357727
208,0.799917995929718,0.37872397899627686,0.7696559429168701,0.3423227071762085
209,0.7500746846199036,0.34159114956855774,0.8184385895729065,0.4654296040534973
210,0.7979462146759033,0.3962542414665222,0.614301323890686,0.2871793806552887
211,0.6900607347488403,0.31623610854148865,0.590099573135376,0.25161564350128174
212,0.6782606244087219,0.30847954750061035,0.5613234639167786,0.2483307272195816
213,0.634728729724884,0.2847169041633606,0.7046356201171875,0.27791497111320496
214,0.7971581220626831,0.37203699350357056,0.8064837455749512,0.38938096165657043
215,0.7357659339904785,0.3536645472049713,0.6733564734458923,0.3638070225715637
216,0.6095241904258728,0.27730417251586914,0.5573920607566833,0.27449244260787964
217,0.5869717001914978,0.25843632221221924,0.5497362017631531,0.2720022201538086
218,0.5551598072052002,0.23798252642154694,0.4534941017627716,0.18331202864646912
219,0.5577232241630554,0.24756364524364471,0.4259381890296936,0.1704697608947754
220,0.5275291204452515,0.2216666340827942,0.7831885814666748,0.443541944026947
221,0.5645285844802856,0.2461412400007248,0.4743680953979492,0.21103353798389435
222,0.5512991547584534,0.23333485424518585,0.4499080777168274,0.15043862164020538
223,0.4912545680999756,0.20794366300106049,0.5996553897857666,0.22344352304935455
224,0.5878584980964661,0.2352745532989502,0.5080533027648926,0.264560729265213
225,0.579706609249115,0.2505999803543091,0.36713463068008423,0.15046584606170654
226,0.424140602350235,0.16210110485553741,0.3981800079345703,0.12429270148277283
227,0.4043717384338379,0.15579701960086823,0.3356488049030304,0.13233524560928345
228,0.38639435172080994,0.15061430633068085,0.31994903087615967,0.12820497155189514
229,0.3734486997127533,0.146828755736351,0.3018640875816345,0.11297398805618286
230,0.349060595035553,0.14166976511478424,0.3522336184978485,0.11772695183753967
231,0.3651236593723297,0.14931485056877136,0.470795214176178,0.13819743692874908
232,0.4036572575569153,0.1534378081560135,0.3161735236644745,0.1110771968960762
233,0.3676421046257019,0.14264005422592163,0.2719884216785431,0.10156238824129105
234,0.3420267403125763,0.13135622441768646,0.28648486733436584,0.12442245334386826
235,0.33185094594955444,0.13262183964252472,0.2642287015914917,0.10991096496582031
236,0.33253946900367737,0.13022536039352417,0.3093963861465454,0.10043361037969589
237,0.37934550642967224,0.1423359364271164,0.2635984718799591,0.11402522772550583
238,0.3443076014518738,0.13647092878818512,0.26315706968307495,0.12199339270591736
239,0.306928426027298,0.12411295622587204,0.3229466378688812,0.10198160260915756
240,0.3262883722782135,0.12900541722774506,0.760841429233551,0.28292611241340637
241,0.4964851140975952,0.19117474555969238,0.5049177408218384,0.2623260021209717
242,0.4029822051525116,0.1536485254764557,0.4129956066608429,0.14573587477207184
243,0.3543992340564728,0.14013773202896118,0.29007992148399353,0.13559646904468536
244,0.30031609535217285,0.12034621834754944,0.23756980895996094,0.091769278049469
245,0.2893812954425812,0.11747568100690842,0.2501988112926483,0.09366319328546524
246,0.2987109422683716,0.12098164111375809,0.3694538176059723,0.11449592560529709
247,0.3971160352230072,0.15592312812805176,0.2626551687717438,0.09949193894863129
248,0.3532724380493164,0.13955149054527283,0.4097474217414856,0.1995287388563156
249,0.34681618213653564,0.1359013170003891,0.31494104862213135,0.10736074298620224
250,0.30690979957580566,0.12379200756549835,0.2217448353767395,0.09613276273012161
251,0.29539451003074646,0.12117508053779602,0.27457496523857117,0.09608310461044312
252,0.3063863515853882,0.12446176260709763,0.35678309202194214,0.16050638258457184
253,0.3213384449481964,0.12655681371688843,0.2541920244693756,0.09661827236413956
254,0.3022408187389374,0.12647737562656403,0.356831818819046,0.10766975581645966
255,0.3569270372390747,0.1422976553440094,0.3127332627773285,0.134778693318367
256,0.35116249322891235,0.14428575336933136,0.29429832100868225,0.10555002093315125
257,0.34319743514060974,0.13179504871368408,0.21094125509262085,0.09519785642623901
258,0.3450145721435547,0.13704420626163483,0.26362767815589905,0.10521938651800156
259,0.3324703872203827,0.13436570763587952,0.24175743758678436,0.10595440119504929
260,0.3778969943523407,0.15435199439525604,0.7343187928199768,0.3280112147331238
261,0.44257721304893494,0.18471214175224304,0.21283455193042755,0.09348443895578384
262,0.37153616547584534,0.14714926481246948,0.2554839849472046,0.09757348895072937
263,0.3121163845062256,0.12644439935684204,0.22728845477104187,0.09093372523784637
264,0.2743428647518158,0.1157301738858223,0.3432033061981201,0.11320312321186066
265,0.30400943756103516,0.12482985854148865,0.24709844589233398,0.09319345653057098
266,0.2712441384792328,0.11369320005178452,0.23826271295547485,0.09394645690917969
267,0.2737240195274353,0.11476659029722214,0.20339414477348328,0.0935189425945282
268,0.2711902856826782,0.11452291160821915,0.20761321485042572,0.08975549787282944
269,0.28567391633987427,0.11926497519016266,0.2013198435306549,0.09373962134122849
270,0.2812890410423279,0.11633239686489105,0.23463276028633118,0.10675131529569626
271,0.28218355774879456,0.11693741381168365,0.3208765387535095,0.10841968655586243
272,0.30591636896133423,0.1266455203294754,0.20942328870296478,0.09139158576726913
273,0.278899610042572,0.11568523943424225,0.21662257611751556,0.09111866354942322
274,0.28725048899650574,0.1214294508099556,0.41667860746383667,0.13076119124889374
275,0.3040097653865814,0.12455716729164124,0.1927630752325058,0.0899684801697731
276,0.2717956304550171,0.11464516818523407,0.22347237169742584,0.0905819907784462
277,0.28424325585365295,0.12401360273361206,0.39708924293518066,0.13267433643341064
278,0.37410447001457214,0.15451958775520325,0.19775889813899994,0.09177855402231216
279,0.2623514235019684,0.11356644332408905,0.1948079615831375,0.08936652541160583
280,0.2660650610923767,0.11486338078975677,0.2377748042345047,0.10766413062810898
281,0.27617812156677246,0.12024761736392975,0.23885159194469452,0.09514523297548294
282,0.28003737330436707,0.11764957755804062,0.5760678052902222,0.23852738738059998
283,0.47751763463020325,0.17434479296207428,0.5507575869560242,0.23702172935009003
284,0.40878361463546753,0.1593405306339264,0.23366683721542358,0.09951568394899368
285,0.2871764898300171,0.12124647200107574,0.19672387838363647,0.08920307457447052
286,0.26151880621910095,0.11238425225019455,0.35433387756347656,0.1618698239326477
287,0.30032801628112793,0.12300258129835129,0.20721063017845154,0.09489867091178894
288,0.26477953791618347,0.11540666967630386,0.2481534630060196,0.0971110537648201
289,0.2696915864944458,0.11808700859546661,0.19310306012630463,0.0900004655122757
290,0.26211702823638916,0.11386232823133469,0.20292213559150696,0.10015798360109329
291,0.269206702709198,0.11509478837251663,0.19511039555072784,0.08902005106210709
292,0.2551742494106293,0.11198166757822037,0.19046474993228912,0.09237289428710938
293,0.2664429247379303,0.11670426279306412,0.22777529060840607,0.09639634937047958
294,0.271085262298584,0.11792314052581787,0.2755071520805359,0.12167944759130478
295,0.26396122574806213,0.11799607425928116,0.23758281767368317,0.09566625952720642
296,0.2754449248313904,0.11705878376960754,0.19725674390792847,0.08869829773902893
297,0.25325438380241394,0.11233706027269363,0.1943768560886383,0.08883779495954514
298,0.26522010564804077,0.11518381536006927,0.20380066335201263,0.09491538256406784
299,0.2608170509338379,0.11300349235534668,0.3832390308380127,0.1212942898273468
300,0.3268483579158783,0.1356894075870514,0.18938535451889038,0.09423650056123734
301,0.3125331699848175,0.1293208748102188,0.22817808389663696,0.09817525744438171
302,0.2816133499145508,0.1213051974773407,0.24214580655097961,0.11750446259975433
303,0.28581592440605164,0.1239561066031456,0.1868850588798523,0.08966439962387085
304,0.2615671753883362,0.1136283203959465,0.21720314025878906,0.09156418591737747
305,0.2594790458679199,0.1121322438120842,0.18949726223945618,0.0889841839671135
306,0.26210781931877136,0.11324159055948257,0.2603253424167633,0.10381358861923218
307,0.26201704144477844,0.11368217319250107,0.22002631425857544,0.11012676358222961
308,0.2661727964878082,0.11539127677679062,0.19006186723709106,0.08901193737983704
309,0.2673851251602173,0.11725180596113205,0.2931447923183441,0.14712795615196228
310,0.30998867750167847,0.1290867179632187,0.1959514617919922,0.09459361433982849
311,0.2616729140281677,0.11595599353313446,0.24467220902442932,0.12392496317625046
312,0.26084232330322266,0.11647846549749374,0.18608134984970093,0.08936603367328644
313,0.24948789179325104,0.11083168536424637,0.18647724390029907,0.08971057832241058
314,0.24616725742816925,0.11048897355794907,0.23581463098526,0.09541913866996765
315,0.3400425612926483,0.13579298555850983,0.21959583461284637,0.0964040532708168
316,0.26473870873451233,0.11456502974033356,0.18349383771419525,0.08996067196130753
317,0.2491786926984787,0.11236714571714401,0.2112804800271988,0.0911877378821373
318,0.25534501671791077,0.11324261873960495,0.1869705319404602,0.09108324348926544
319,0.25198429822921753,0.11071684956550598,0.28635844588279724,0.10896312445402145
320,0.2764451801776886,0.12226308137178421,0.2509036660194397,0.10019851475954056
321,0.2862391173839569,0.1262572705745697,0.18628010153770447,0.0896148607134819
322,0.26872843503952026,0.11816824972629547,0.180542454123497,0.08924634009599686
323,0.2544378638267517,0.112704798579216,0.2900725305080414,0.13563725352287292
324,0.2623820900917053,0.11711698025465012,0.18075665831565857,0.09032558649778366
325,0.2507340610027313,0.11088640987873077,0.18570326268672943,0.09013321250677109
326,0.24706438183784485,0.11100596189498901,0.18182693421840668,0.08909845352172852
327,0.25029894709587097,0.1133929118514061,0.18680910766124725,0.08990843594074249
328,0.2520814836025238,0.11365928500890732,0.2638099193572998,0.10692787170410156
329,0.2786914110183716,0.12131713330745697,0.18992586433887482,0.09517350792884827
330,0.25578299164772034,0.11302242428064346,0.19699040055274963,0.09002760797739029
331,0.26826074719429016,0.11932213604450226,0.2441374659538269,0.1116580218076706
332,0.2922106981277466,0.12525519728660583,0.30499741435050964,0.11011839658021927
333,0.31607767939567566,0.12671145796775818,0.1833910346031189,0.09042432904243469
334,0.2527228593826294,0.11361167579889297,0.18605050444602966,0.08936197310686111
335,0.2495642602443695,0.11177670210599899,0.1831580400466919,0.09031189233064651
336,0.2489713728427887,0.11131050437688828,0.21246866881847382,0.09640713036060333
337,0.2500128746032715,0.11225902289152145,0.1957215517759323,0.08985839039087296
338,0.254187673330307,0.1137663722038269,0.32215821743011475,0.14643312990665436
339,0.27929210662841797,0.11922143399715424,0.2065710872411728,0.09523170441389084
340,0.24921801686286926,0.11161117255687714,0.18946178257465363,0.10023485124111176
341,0.25148314237594604,0.11224475502967834,0.27845093607902527,0.10739181190729141
342,0.2694704532623291,0.11913149803876877,0.20269355177879333,0.09495391696691513
343,0.259090393781662,0.11570806056261063,0.2806490659713745,0.10949304699897766
344,0.2763468623161316,0.12210727483034134,0.1818791925907135,0.09419217705726624
345,0.267580509185791,0.11950332671403885,0.17976857721805573,0.08987300843000412
346,0.2492092102766037,0.11074128746986389,0.20933333039283752,0.09500349313020706
347,0.2447139471769333,0.11099246889352798,0.2067633420228958,0.10465692728757858
348,0.2539653480052948,0.1145438402891159,0.17992927134037018,0.09070441871881485
349,0.24497269093990326,0.11137525737285614,0.2205200046300888,0.09604571014642715
350,0.25313153862953186,0.11397010833024979,0.7201884388923645,0.1845906376838684
351,0.6642520427703857,0.22990968823432922,0.27331793308258057,0.11080223321914673
352,0.6617558002471924,0.24371057748794556,0.6931146383285522,0.39111459255218506
353,0.44502896070480347,0.17704962193965912,0.20313987135887146,0.10039899498224258
354,0.307104229927063,0.12419276684522629,0.24584880471229553,0.10052219033241272
355,0.2732934057712555,0.11657087504863739,0.22032485902309418,0.10211757570505142
356,0.24976223707199097,0.11099545657634735,0.18833881616592407,0.08932597935199738
357,0.24555912613868713,0.11047425866127014,0.1825857311487198,0.0887666717171669
358,0.24292002618312836,0.10953816026449203,0.2515427768230438,0.12463870644569397
359,0.2646864056587219,0.117014080286026,0.18363884091377258,0.08872809261083603
360,0.2469877302646637,0.11014623939990997,0.18694011867046356,0.0907936692237854
361,0.24303141236305237,0.11111243069171906,0.1872035264968872,0.0945160835981369
362,0.25004133582115173,0.11225329339504242,0.17774833738803864,0.08912615478038788
363,0.24564777314662933,0.11177627742290497,0.1985377073287964,0.09143880009651184
364,0.254382848739624,0.11173240095376968,0.2554405629634857,0.12315059453248978
365,0.27191340923309326,0.11996294558048248,0.22024555504322052,0.10466825217008591
366,0.31260061264038086,0.13484987616539001,0.23000675439834595,0.10233042389154434
367,0.3384106159210205,0.14727550745010376,0.18970146775245667,0.09136980026960373
368,0.2528538405895233,0.11348993331193924,0.19026786088943481,0.09126543253660202
369,0.24449387192726135,0.11059295386075974,0.18203985691070557,0.08853136003017426
370,0.24328599870204926,0.11034984141588211,0.189218670129776,0.09074397385120392
371,0.24675515294075012,0.11314190924167633,0.21015754342079163,0.09666062146425247
372,0.2500750422477722,0.11029411852359772,0.17958568036556244,0.0897345170378685
373,0.2423456758260727,0.10885817557573318,0.17780235409736633,0.08863884210586548
374,0.23886534571647644,0.10883230715990067,0.1778511106967926,0.08860689401626587
375,0.2546955943107605,0.11375652253627777,0.318826287984848,0.1354794055223465
376,0.32779374718666077,0.13964495062828064,0.2566666007041931,0.10571333020925522
377,0.262140691280365,0.11873680353164673,0.19858165085315704,0.10511302947998047
378,0.25984805822372437,0.11386426538228989,0.24953462183475494,0.10445624589920044
379,0.2826012372970581,0.12114069610834122,0.17512573301792145,0.0896618664264679
380,0.2423916459083557,0.10763563960790634,0.21071583032608032,0.1094154641032219
381,0.24792985618114471,0.11246417462825775,0.17708845436573029,0.0886734202504158
382,0.24646854400634766,0.11251428723335266,0.21021312475204468,0.09612927585840225
383,0.2501493990421295,0.11101207882165909,0.1762668937444687,0.0904528796672821
384,0.23587587475776672,0.10782283544540405,0.21111518144607544,0.1091073602437973
385,0.2447378933429718,0.11140262335538864,0.17721763253211975,0.08879531919956207
386,0.23537784814834595,0.1077340692281723,0.1760862022638321,0.08956792205572128
387,0.240947887301445,0.10897800326347351,0.2983916401863098,0.11087304353713989
388,0.30200546979904175,0.13003802299499512,0.39344415068626404,0.14245539903640747
389,0.3153765797615051,0.1342814415693283,0.18691715598106384,0.09020641446113586
390,0.25140494108200073,0.113526850938797,0.18606792390346527,0.09384891390800476
391,0.24054008722305298,0.10999932885169983,0.17573630809783936,0.08861644566059113
392,0.23865912854671478,0.10998047888278961,0.19596043229103088,0.09374818950891495
393,0.24338188767433167,0.1092560887336731,0.17538568377494812,0.08898332715034485
394,0.241176575422287,0.10945259779691696,0.17681437730789185,0.0889086052775383
395,0.23776181042194366,0.10886295139789581,0.2592925429344177,0.10628246515989304
396,0.2579023838043213,0.11484449356794357,0.19587689638137817,0.09386500716209412
397,0.24187064170837402,0.1110745519399643,0.18415714800357819,0.0898095890879631
398,0.2551667392253876,0.11448830366134644,0.22096259891986847,0.09562679380178452
399,0.2499309480190277,0.10988705605268478,0.31052717566490173,0.1429755538702011
400,0.3205183148384094,0.1365494728088379,0.38527023792266846,0.14035679399967194
401,0.32178229093551636,0.12916141748428345,0.17246906459331512,0.08952124416828156
402,0.2685540020465851,0.11523295193910599,0.25451862812042236,0.10468441992998123
403,0.2945331931114197,0.12556791305541992,0.24793536961078644,0.12267255783081055
404,0.24676206707954407,0.11004634946584702,0.18003810942173004,0.0887959748506546
405,0.23439931869506836,0.10751127451658249,0.2181476652622223,0.09549450129270554
406,0.2426907867193222,0.10875368863344193,0.17404590547084808,0.08987285941839218
407,0.23315481841564178,0.10670681297779083,0.17499302327632904,0.08869190514087677
408,0.2316887378692627,0.10687567293643951,0.18430137634277344,0.08941309154033661
409,0.2321048378944397,0.10664916038513184,0.1822538822889328,0.09544134885072708
410,0.24091200530529022,0.10891803354024887,0.1729659140110016,0.08842608332633972
411,0.2405308336019516,0.10975611209869385,0.232925683259964,0.09937970340251923
412,0.2470458596944809,0.11208139359951019,0.17290611565113068,0.08815929293632507
413,0.2321455031633377,0.10677722841501236,0.17243856191635132,0.09007932990789413
414,0.22992658615112305,0.1060762107372284,0.17299629747867584,0.08813275396823883
415,0.23285961151123047,0.10726743936538696,0.17420539259910583,0.08913057297468185
416,0.23368330299854279,0.10709810256958008,0.19008216261863708,0.09668300300836563
417,0.24323873221874237,0.11021451652050018,0.17912262678146362,0.08908495306968689
418,0.2318003624677658,0.10739865899085999,0.18394027650356293,0.09057586640119553
419,0.25035691261291504,0.11330863833427429,0.17049139738082886,0.0890975221991539
420,0.23323872685432434,0.10743620246648788,0.21392112970352173,0.10811897367238998
421,0.24628445506095886,0.11071497946977615,0.17724955081939697,0.08854900300502777
422,0.23984983563423157,0.10973531007766724,0.21277503669261932,0.0955786481499672
423,0.25771206617355347,0.11813444644212723,0.17538437247276306,0.0881524309515953
424,0.2446347326040268,0.1125175878405571,0.17438781261444092,0.09262586385011673
425,0.23982758820056915,0.10998371243476868,0.17630910873413086,0.0885198786854744
426,0.238956481218338,0.10894168168306351,0.1725233495235443,0.08855340629816055
427,0.23734256625175476,0.11071901023387909,0.19289396703243256,0.0898202583193779
428,0.24076832830905914,0.10966812819242477,0.17076097428798676,0.08800062537193298
429,0.2329576164484024,0.1068689152598381,0.32493317127227783,0.16524912416934967
430,0.2782978117465973,0.11773870140314102,0.21848930418491364,0.10178671032190323
431,0.2499622404575348,0.11327774822711945,0.1909014731645584,0.09414484351873398
432,0.24128416180610657,0.10866699367761612,0.17268024384975433,0.08934105932712555
433,0.2339552342891693,0.10723451524972916,0.17635181546211243,0.08995357155799866
434,0.2297096699476242,0.106590136885643,0.17115867137908936,0.08807072043418884
435,0.22692659497261047,0.1047375500202179,0.19292506575584412,0.09220302850008011
436,0.24493840336799622,0.11045442521572113,0.18286451697349548,0.09457256644964218
437,0.2307838648557663,0.10707292705774307,0.17844635248184204,0.09429914504289627
438,0.2312093824148178,0.10744666308164597,0.17267301678657532,0.08795683085918427
439,0.22940568625926971,0.10515940934419632,0.20011667907238007,0.09419179707765579
440,0.24720312654972076,0.11125345528125763,0.20343802869319916,0.09827218949794769
441,0.2462996542453766,0.11375457793474197,0.16775041818618774,0.08803756535053253
442,0.23790641129016876,0.10873487591743469,0.2044985592365265,0.0913352221250534
443,0.24085429310798645,0.10924079269170761,0.2518264055252075,0.11704695969820023
444,0.23811867833137512,0.10748744755983353,0.22209905087947845,0.09890120476484299
445,0.24722693860530853,0.1148827001452446,0.18934974074363708,0.09612922370433807
446,0.23856528103351593,0.10970591753721237,0.2697106599807739,0.10662408173084259
447,0.2911468744277954,0.12304741889238358,0.2469266951084137,0.1304248869419098
448,0.28507742285728455,0.12300809472799301,0.17678572237491608,0.09255115687847137
449,0.2318272888660431,0.1067066341638565,0.1758539229631424,0.08952145278453827
450,0.22567088901996613,0.1055818423628807,0.17502589523792267,0.08911490440368652
451,0.24971911311149597,0.11274503171443939,0.20687107741832733,0.09865955263376236
452,0.2304682582616806,0.10629362612962723,0.20869800448417664,0.09182634949684143
453,0.24484883248806,0.11264283210039139,0.16877122223377228,0.08759256452322006
454,0.24014970660209656,0.10814832150936127,0.29601505398750305,0.1080479845404625
455,0.2624630033969879,0.11493149399757385,0.16490870714187622,0.08809767663478851
456,0.23168601095676422,0.10597433894872665,0.17829644680023193,0.08973979949951172
457,0.22842781245708466,0.10650136321783066,0.16824251413345337,0.08742400258779526
458,0.22499768435955048,0.10576304793357849,0.1681452989578247,0.08818615972995758
459,0.22373376786708832,0.10434182733297348,0.17497655749320984,0.08955881744623184
460,0.2236865907907486,0.10463085025548935,0.18873947858810425,0.08995440602302551
461,0.23197320103645325,0.10555282235145569,0.2048352062702179,0.10743526369333267
462,0.22740964591503143,0.10494968295097351,0.17353948950767517,0.08998207747936249
463,0.23001225292682648,0.10546411573886871,0.1740400344133377,0.09618081897497177
464,0.2289326786994934,0.10530885308980942,0.23551273345947266,0.09995723515748978
465,0.25319725275039673,0.11123347282409668,0.1946706771850586,0.08905179798603058
466,0.26279380917549133,0.12072315812110901,0.1888747364282608,0.10080800950527191
467,0.24887698888778687,0.11575496941804886,0.18008816242218018,0.09381067007780075
468,0.23478782176971436,0.10493408143520355,0.17375198006629944,0.08655034750699997
469,0.24821829795837402,0.11001381278038025,0.16513733565807343,0.08771064877510071
470,0.22257328033447266,0.10405945032835007,0.17198914289474487,0.09040703624486923
471,0.22083894908428192,0.10258635133504868,0.1684144139289856,0.08614401519298553
472,0.22694090008735657,0.10467176884412766,0.19223526120185852,0.09247802942991257
473,0.2275577336549759,0.10351065546274185,0.16764891147613525,0.09098175168037415
474,0.22108905017375946,0.10294916480779648,0.16829915344715118,0.08610523492097855
475,0.2244184911251068,0.10413245856761932,0.16610336303710938,0.086137555539608
476,0.22781886160373688,0.10516215115785599,0.16946953535079956,0.09382649511098862
477,0.21735623478889465,0.10174836963415146,0.16591553390026093,0.08551785349845886
478,0.21759110689163208,0.10170617699623108,0.1852709800004959,0.09064609557390213
479,0.22429147362709045,0.1036842092871666,0.32299718260765076,0.14615118503570557
480,0.24536454677581787,0.11549355089664459,0.1713700145483017,0.0919344499707222
481,0.22227661311626434,0.10397924482822418,0.17103862762451172,0.08633052557706833
482,0.21787084639072418,0.10214187949895859,0.18060174584388733,0.08900543302297592
483,0.22119982540607452,0.10265180468559265,0.16766788065433502,0.08889971673488617
484,0.21880725026130676,0.10199542343616486,0.1705489158630371,0.085279181599617
485,0.2179775983095169,0.10139576345682144,0.2061861753463745,0.09436004608869553
486,0.2304670512676239,0.10573062300682068,0.16943877935409546,0.08577355742454529
487,0.21536700427532196,0.1001928374171257,0.17028698325157166,0.08652269095182419
488,0.21364113688468933,0.10044507682323456,0.17408527433872223,0.08591573685407639
489,0.2170785516500473,0.10127729922533035,0.17982067167758942,0.09976226836442947
490,0.22515028715133667,0.10621937364339828,0.24496540427207947,0.09762571007013321
491,0.2362891286611557,0.10606233030557632,0.24712754786014557,0.11404836922883987
492,0.2587067484855652,0.11540699750185013,0.18849319219589233,0.09814102202653885
493,0.24623791873455048,0.1100732758641243,0.16427381336688995,0.08856281638145447
494,0.2163056880235672,0.10065221041440964,0.16821697354316711,0.08509694039821625
495,0.21137352287769318,0.09937465935945511,0.17427635192871094,0.08762594312429428
496,0.21197953820228577,0.10000645369291306,0.3246782422065735,0.15500587224960327
497,0.3217228055000305,0.1365559995174408,0.17619596421718597,0.0860176682472229
498,0.24670447409152985,0.10973719507455826,0.21875542402267456,0.0948563739657402
499,0.2198600471019745,0.10199270397424698,0.16908927261829376,0.08377952873706818
500,0.20629632472991943,0.0979621484875679,0.1744358241558075,0.0843329057097435
501,0.21218663454055786,0.09995902329683304,0.16275185346603394,0.08386161178350449
502,0.20638979971408844,0.09811999648809433,0.20348285138607025,0.09567250311374664
503,0.23666073381900787,0.1053854376077652,0.19210636615753174,0.08615303039550781
504,0.20823262631893158,0.09944138675928116,0.17356210947036743,0.08425907790660858
505,0.2079274207353592,0.09759107977151871,0.17704692482948303,0.08669005334377289
506,0.20209728181362152,0.09812599420547485,0.16524329781532288,0.0832127183675766
507,0.20067660510540009,0.09768044203519821,0.16374929249286652,0.0833815187215805
508,0.19994841516017914,0.09711821377277374,0.16653504967689514,0.0882975310087204
509,0.20078472793102264,0.09770481288433075,0.1639540046453476,0.08333846181631088
510,0.20560702681541443,0.0992397591471672,0.28160297870635986,0.10481472313404083
511,0.30881693959236145,0.12418295443058014,0.2548803389072418,0.1051577776670456
512,0.22695837914943695,0.10424196720123291,0.2102813571691513,0.09179561585187912
513,0.21565765142440796,0.10253438353538513,0.16061100363731384,0.08249986916780472
514,0.19788751006126404,0.094936303794384,0.16160480678081512,0.0814737007021904
515,0.19739443063735962,0.09475593268871307,0.18059517443180084,0.09145002067089081
516,0.2061522901058197,0.10063458979129791,0.18961742520332336,0.08809151500463486
517,0.19787801802158356,0.09610390663146973,0.20442047715187073,0.08620938658714294
518,0.20756012201309204,0.0989932045340538,0.30264195799827576,0.11999420821666718
519,0.2143619954586029,0.10198181867599487,0.15820607542991638,0.08427245914936066
520,0.2045411914587021,0.10239969193935394,0.23288100957870483,0.08795875310897827
521,0.208900585770607,0.10089284926652908,0.16831542551517487,0.08514067530632019
522,0.18903124332427979,0.093262679874897,0.4095965623855591,0.11326078325510025
523,0.5471366047859192,0.19649969041347504,0.21882988512516022,0.09898069500923157
524,0.3128429353237152,0.11972308903932571,0.20945201814174652,0.09838983416557312
525,0.21579264104366302,0.09665413945913315,0.16493462026119232,0.08035558462142944
526,0.18463045358657837,0.0910675972700119,0.1711428463459015,0.08023964613676071
527,0.18363361060619354,0.09173122048377991,0.16295138001441956,0.08044290542602539
528,0.18911486864089966,0.0907360091805458,0.1622636914253235,0.082646943628788
529,0.190001979470253,0.09329462796449661,0.1591724455356598,0.07962436974048615
530,0.17736053466796875,0.08909036964178085,0.1666230708360672,0.07855073362588882
531,0.18212492763996124,0.08927138149738312,0.16147544980049133,0.08151765912771225
532,0.1751166433095932,0.08806836605072021,0.16088879108428955,0.07985775172710419
533,0.1730377972126007,0.08661825954914093,0.31302741169929504,0.09808555245399475
534,0.22463037073612213,0.09863197803497314,0.1966473013162613,0.0912635400891304
535,0.18151132762432098,0.08927388489246368,0.15955467522144318,0.07999743521213531
536,0.19070817530155182,0.09336718171834946,0.6902275085449219,0.17976497113704681
537,0.4686424434185028,0.196305051445961,0.2906840443611145,0.10891587287187576
538,0.2201681137084961,0.1057734340429306,0.18606030941009521,0.08532697707414627
539,0.19179803133010864,0.09166035801172256,0.1577276587486267,0.07756862789392471
540,0.2105739563703537,0.09494976699352264,0.18001630902290344,0.07754354178905487
541,0.26032260060310364,0.10710825026035309,0.3688807785511017,0.13223306834697723
542,0.2565959095954895,0.10579468309879303,0.24177134037017822,0.10917217284440994
543,0.2411760687828064,0.10807135701179504,0.263468861579895,0.07734456658363342
544,0.21916504204273224,0.09292899817228317,0.19864661991596222,0.0881841629743576
545,0.17684078216552734,0.08623437583446503,0.23321466147899628,0.09279964119195938
546,0.1938449591398239,0.08931411802768707,0.18463078141212463,0.08564166724681854
547,0.1718982458114624,0.08344238251447678,0.1882738173007965,0.07514196634292603
548,0.19761276245117188,0.09041264653205872,0.2117372751235962,0.08839099854230881
549,0.19838158786296844,0.08490883558988571,0.19657409191131592,0.09073479473590851
550,0.19583092629909515,0.08970461785793304,0.14515851438045502,0.07192281633615494
551,0.16010287404060364,0.07704569399356842,0.1512657105922699,0.07311827689409256
552,0.16162879765033722,0.07963784039020538,0.1448754370212555,0.07418373227119446
553,0.15461483597755432,0.0763964131474495,0.5204442739486694,0.19773878157138824
554,0.22741208970546722,0.08998322486877441,0.2205527424812317,0.09276172518730164
555,0.27500709891319275,0.10450833290815353,0.42697930335998535,0.11856406927108765
556,0.265674352645874,0.09880650788545609,0.18997246026992798,0.08339428156614304
557,0.1808372139930725,0.08122085779905319,0.21125495433807373,0.0955716148018837
558,0.1845860332250595,0.08389770984649658,0.1490832418203354,0.07201330363750458
559,0.16676554083824158,0.07988294959068298,0.14570657908916473,0.06806658953428268
560,0.16050837934017181,0.07846297323703766,0.34706199169158936,0.15837697684764862
561,0.20884664356708527,0.08709212392568588,0.14578479528427124,0.07574329525232315
562,0.2122737020254135,0.08362443745136261,0.22214925289154053,0.08736314624547958
563,0.20993906259536743,0.08402346819639206,0.18604877591133118,0.08621355146169662
564,0.17275430262088776,0.07952015101909637,0.1462671309709549,0.06667626649141312
565,0.15427057445049286,0.07157748192548752,0.17966534197330475,0.08009937405586243
566,0.15112526714801788,0.06780824810266495,0.13926847279071808,0.06261968612670898
567,0.14475315809249878,0.06520991772413254,0.15099097788333893,0.06741659343242645
568,0.145066037774086,0.06471284478902817,0.14682215452194214,0.06923593580722809
569,0.15777158737182617,0.06644438952207565,0.13651303946971893,0.059969712048769
570,0.14185842871665955,0.062343042343854904,0.14859826862812042,0.06076585128903389
571,0.1776449978351593,0.07362013310194016,0.4105609953403473,0.12278533726930618
572,0.503762423992157,0.20433416962623596,0.7181450128555298,0.16503994166851044
573,0.44435086846351624,0.1718350350856781,0.1591058224439621,0.08779849112033844
574,0.2454165816307068,0.10131048411130905,0.14920300245285034,0.07118543982505798
575,0.16289497911930084,0.07274843752384186,0.1560571789741516,0.065241239964962
576,0.15542519092559814,0.06639810651540756,0.1445385366678238,0.06485423445701599
577,0.1681739240884781,0.075491763651371,0.1625601351261139,0.06343701481819153
578,0.14695970714092255,0.06576608121395111,0.20534099638462067,0.10141739249229431
579,0.1532898098230362,0.06785649806261063,0.14167051017284393,0.06286285072565079
580,0.1466805636882782,0.06345783919095993,0.1380940079689026,0.06455560773611069
581,0.1803777664899826,0.07186605036258698,0.12930242717266083,0.0579293854534626
582,0.14547106623649597,0.06361260265111923,0.2023053914308548,0.07873453944921494
583,0.16918811202049255,0.06700834631919861,0.12858177721500397,0.06232883408665657
584,0.14818033576011658,0.06224840506911278,0.14191384613513947,0.059336062520742416
585,0.15032750368118286,0.06547025591135025,0.2972301244735718,0.09941358864307404
586,0.17929325997829437,0.07673999667167664,0.20266228914260864,0.07117987424135208
587,0.18307499587535858,0.07597831636667252,0.14098186790943146,0.06210259348154068
588,0.14488983154296875,0.06176334246993065,0.1397150605916977,0.05681448057293892
589,0.1420920491218567,0.061346687376499176,0.27149149775505066,0.10255707055330276
590,0.1627795398235321,0.07234760373830795,0.16973279416561127,0.07667842507362366
591,0.1728861778974533,0.0776284858584404,0.15078258514404297,0.06961244344711304
592,0.15941645205020905,0.06651575863361359,0.14013588428497314,0.06180666759610176
593,0.13736344873905182,0.058905504643917084,0.14283105731010437,0.058144472539424896
594,0.13591669499874115,0.058187492191791534,0.2644011676311493,0.10927174240350723
595,0.2016080915927887,0.08054690062999725,0.16947725415229797,0.07013897597789764
596,0.154160737991333,0.06599538773298264,0.12190952897071838,0.05442482605576515
597,0.14730091392993927,0.06340021640062332,0.13955961167812347,0.05968449264764786
598,0.13186629116535187,0.0570724681019783,0.1267833113670349,0.05629992112517357
599,0.13371217250823975,0.056531257927417755,0.14735011756420135,0.06753537803888321
600,0.16855831444263458,0.0771898478269577,0.15541072189807892,0.06992344558238983
601,0.14032340049743652,0.061323195695877075,0.395538866519928,0.1307586133480072
602,0.20470601320266724,0.0869993194937706,0.1534864604473114,0.06416186690330505
603,0.1373378485441208,0.05769861489534378,0.16083259880542755,0.06263960152864456
604,0.15933531522750854,0.07022513449192047,0.1496989130973816,0.0611162930727005
605,0.1402549147605896,0.057631123811006546,0.15795889496803284,0.06585649400949478
606,0.14520218968391418,0.05995101481676102,0.1648741364479065,0.07650565356016159
607,0.13799330592155457,0.05700932443141937,0.2545912563800812,0.12282621115446091
608,0.1782635599374771,0.07952273637056351,0.16057410836219788,0.0735897421836853
609,0.1477164477109909,0.06304323673248291,0.1387699842453003,0.058510586619377136
610,0.16257448494434357,0.07058072090148926,0.1534213423728943,0.06497453153133392
611,0.13569027185440063,0.05711263418197632,0.1246095821261406,0.05594037100672722
612,0.1347782015800476,0.05490740016102791,0.13902117311954498,0.059483595192432404
613,0.14898250997066498,0.06072369962930679,0.17459343373775482,0.07509571313858032
614,0.1493542641401291,0.06074698269367218,0.1539190709590912,0.07089933753013611
615,0.1434917002916336,0.06186910346150398,0.16449813544750214,0.07703085243701935
616,0.12920628488063812,0.05360483378171921,0.2985384464263916,0.13028620183467865
617,0.29498937726020813,0.11868617683649063,0.2781859338283539,0.10461248457431793
618,0.34225893020629883,0.13203215599060059,0.17226867377758026,0.07417093217372894
619,0.19091324508190155,0.07778848707675934,0.12256624549627304,0.05443352088332176
620,0.14218871295452118,0.05659416690468788,0.12469644844532013,0.053746871650218964
621,0.12520526349544525,0.05151232331991196,0.4032602608203888,0.19355358183383942
622,0.2393845170736313,0.10479994118213654,0.18123656511306763,0.08143148571252823
623,0.19185808300971985,0.08194786310195923,0.22477014362812042,0.08560426533222198
624,0.17136359214782715,0.07234112173318863,0.13313262164592743,0.05786672979593277
625,0.18262383341789246,0.07132265716791153,0.12965913116931915,0.05853813514113426
626,0.13316285610198975,0.055811941623687744,0.18664398789405823,0.08623272180557251
627,0.17280666530132294,0.07281801104545593,0.1499684751033783,0.07475002110004425
628,0.1736869066953659,0.07334153354167938,0.12778328359127045,0.058820124715566635
629,0.14410503208637238,0.059602461755275726,0.13171899318695068,0.057674799114465714
630,0.12523938715457916,0.05099574103951454,0.37765464186668396,0.1575685739517212
631,0.269258052110672,0.10300195217132568,0.185200035572052,0.07623210549354553
632,0.187310129404068,0.08196684718132019,0.13362115621566772,0.06306767463684082
633,0.16101887822151184,0.06805982440710068,0.13080871105194092,0.06229952722787857
634,0.17194297909736633,0.07955238223075867,0.15749971568584442,0.07007855176925659
635,0.1512739211320877,0.0699620246887207,0.12659034132957458,0.06018497794866562
636,0.12666261196136475,0.05475757643580437,0.13293202221393585,0.05958746746182442
637,0.13746148347854614,0.058004092425107956,0.5233173370361328,0.19111156463623047
638,0.32206839323043823,0.1281358152627945,0.6283369660377502,0.18910442292690277
639,0.30051079392433167,0.09842732548713684,0.12910152971744537,0.06786862760782242
640,0.15864893794059753,0.05902742221951485,0.1226433739066124,0.053536396473646164
641,0.14411155879497528,0.053749918937683105,0.13649484515190125,0.06956230103969574
642,0.1469481885433197,0.06511515378952026,0.3493814766407013,0.1413114219903946
643,0.15132659673690796,0.058062441647052765,0.1344648003578186,0.06013652682304382
644,0.13037319481372833,0.05347495898604393,0.13438443839550018,0.06134680286049843
645,0.12577755749225616,0.050917740911245346,0.13315124809741974,0.05606221780180931
646,0.13691481947898865,0.0544595830142498,0.11577228456735611,0.04873383417725563
647,0.12624655663967133,0.04992522671818733,0.12877100706100464,0.05625586211681366
648,0.14744937419891357,0.06276679784059525,0.1966603696346283,0.08305737376213074
649,0.1556546837091446,0.06794804334640503,0.12840744853019714,0.0618983618915081
650,0.1279054582118988,0.05416891351342201,0.22081273794174194,0.10160977393388748
651,0.16814573109149933,0.06941739469766617,0.24576397240161896,0.09212828427553177
652,0.22505336999893188,0.08693240582942963,0.6306250691413879,0.17988060414791107
653,0.3873027563095093,0.1313266009092331,0.13673828542232513,0.06990637630224228
654,0.232391819357872,0.09602269530296326,0.4157910943031311,0.11845847964286804
655,0.24594201147556305,0.09032544493675232,0.13234259188175201,0.0625821202993393
656,0.13472746312618256,0.05493016913533211,0.12512491643428802,0.0540727898478508
657,0.12255468219518661,0.049875907599925995,0.1338285207748413,0.05137363448739052
658,0.12267841398715973,0.046865660697221756,0.16851364076137543,0.08276622742414474
659,0.13235989212989807,0.05452946946024895,0.22684450447559357,0.10430322587490082
660,0.1679304987192154,0.07171366363763809,0.13398073613643646,0.06100355088710785
661,0.18314573168754578,0.07819853723049164,0.1197163388133049,0.05549813434481621
662,0.13023273646831512,0.053310416638851166,0.14895829558372498,0.060509633272886276
663,0.13779310882091522,0.05638795346021652,0.1240486353635788,0.0519600585103035
664,0.12465476989746094,0.05249130725860596,0.11894454807043076,0.05178316682577133
665,0.12913578748703003,0.052700553089380264,0.11398424208164215,0.04749763011932373
666,0.16760019958019257,0.07159010320901871,0.16410812735557556,0.07009828835725784
667,0.15998153388500214,0.06734099239110947,0.3098157048225403,0.14643773436546326
668,0.21854479610919952,0.10089513659477234,0.1469031125307083,0.0838298350572586
669,0.14493584632873535,0.0702582374215126,0.16764606535434723,0.09091012924909592
670,0.1576896607875824,0.07208769768476486,0.16950854659080505,0.06685078889131546
671,0.13427753746509552,0.053588658571243286,0.14545802772045135,0.06301402300596237
672,0.11946389079093933,0.046479739248752594,0.17775210738182068,0.08182654529809952
673,0.17490658164024353,0.0802813321352005,0.20005589723587036,0.08157294988632202
674,0.14207765460014343,0.05609386786818504,0.14550796151161194,0.07196400314569473
675,0.13299164175987244,0.05298970267176628,0.12931767106056213,0.05435391515493393
676,0.12257257848978043,0.04874233156442642,0.13268128037452698,0.059583939611911774
677,0.1205216646194458,0.04826900735497475,0.13015353679656982,0.057776615023612976
678,0.12690037488937378,0.048790693283081055,0.13118723034858704,0.05360192805528641
679,0.13819926977157593,0.05501186102628708,0.1858893632888794,0.09058096259832382
680,0.20148871839046478,0.08410090953111649,0.1545489877462387,0.08637569099664688
681,0.26423877477645874,0.09219718724489212,0.25182461738586426,0.077898770570755
682,0.16321638226509094,0.06359153240919113,0.15903080999851227,0.07478421181440353
683,0.1558491289615631,0.06455226987600327,0.16056789457798004,0.06458941102027893
684,0.13459523022174835,0.055100712925195694,0.12776249647140503,0.05521529167890549
685,0.12277554720640182,0.047644227743148804,0.12532420456409454,0.05526477470993996
686,0.13218428194522858,0.05047856271266937,0.11458352953195572,0.04687775298953056
687,0.13608595728874207,0.057265736162662506,0.13485056161880493,0.05606936290860176
688,0.11718884110450745,0.046193208545446396,0.1679164171218872,0.07805858552455902
689,0.1284739077091217,0.054586686193943024,0.1584053784608841,0.07364412397146225
690,0.13038332760334015,0.05556761473417282,0.11882615089416504,0.051062192767858505
691,0.11625202000141144,0.0449015311896801,0.11787441372871399,0.05241713672876358
692,0.11944925040006638,0.04910920932888985,0.11938009411096573,0.04953165352344513
693,0.12503130733966827,0.04874168708920479,0.1336887925863266,0.06290718913078308
694,0.136982724070549,0.05379926785826683,0.18166100978851318,0.07673002034425735
695,0.1600533425807953,0.06449605524539948,0.12646493315696716,0.05662386119365692
696,0.12453188002109528,0.04862373322248459,0.1134851947426796,0.04563785716891289
697,0.1192731186747551,0.0469495989382267,0.12283501029014587,0.04951389878988266
698,0.11266527324914932,0.042585838586091995,0.17033594846725464,0.08306991308927536
699,0.12860672175884247,0.050604239106178284,0.1364682912826538,0.0578484833240509
700,0.1198698878288269,0.046228066086769104,0.10807459056377411,0.04500632360577583
701,0.11237339675426483,0.043045975267887115,0.15850947797298431,0.06869249045848846
702,0.1263478398323059,0.0487811379134655,0.37150299549102783,0.14359848201274872
703,0.19641031324863434,0.08178238570690155,0.1196659654378891,0.05670667812228203
704,0.15238769352436066,0.06175379455089569,0.16542643308639526,0.0705331563949585
705,0.14025306701660156,0.058078866451978683,0.1052514910697937,0.04524903744459152
706,0.12858042120933533,0.053452059626579285,0.11679121106863022,0.050459884107112885
707,0.12704870104789734,0.05310237780213356,0.1493619680404663,0.06581223011016846
708,0.1503046452999115,0.06052374467253685,0.1800459325313568,0.08062722533941269
709,0.18421883881092072,0.0782729834318161,0.12130527198314667,0.05842799320816994
710,0.12900382280349731,0.04909328371286392,0.1494574248790741,0.07087196409702301
711,0.14985916018486023,0.06070582941174507,0.1516980528831482,0.06787721812725067
712,0.13149136304855347,0.05388214811682701,0.11692579090595245,0.04623016342520714
713,0.11566576361656189,0.04428190737962723,0.14660894870758057,0.06867358833551407
714,0.11270922422409058,0.04338352754712105,0.10579650849103928,0.042053066194057465
715,0.1180361956357956,0.04494674131274223,0.11746568977832794,0.046853769570589066
716,0.12091056257486343,0.04944676533341408,0.11134457588195801,0.04786422848701477
717,0.11599361151456833,0.04209817573428154,0.11791028082370758,0.04922301322221756
718,0.11832809448242188,0.04420018941164017,0.10771993547677994,0.04592389985918999
719,0.218344047665596,0.08700646460056305,0.17817912995815277,0.07792689651250839
720,0.16246700286865234,0.07317286729812622,0.2230762541294098,0.10354124009609222
721,0.1804881989955902,0.07458661496639252,0.14064320921897888,0.06483407318592072
722,0.1257607638835907,0.049811188131570816,0.11386731266975403,0.050736065953969955
723,0.11788766086101532,0.04616495221853256,0.12597626447677612,0.05036541074514389
724,0.11382643133401871,0.04288440942764282,0.13791684806346893,0.06827735155820847
725,0.12477772682905197,0.050504039973020554,0.14972202479839325,0.061851710081100464
726,0.12990429997444153,0.05233503133058548,0.10972718894481659,0.04467722401022911
727,0.11287189275026321,0.04256466031074524,0.11692449450492859,0.04587174952030182
728,0.11267635971307755,0.04412778466939926,0.11107563227415085,0.0442485436797142
729,0.11591389030218124,0.04530594125390053,0.1677684187889099,0.07581403851509094
730,0.12747275829315186,0.05146170035004616,0.14529044926166534,0.06161769852042198
731,0.11111760139465332,0.042173951864242554,0.15746711194515228,0.07343588769435883
732,0.17458422482013702,0.06899022310972214,0.13255268335342407,0.06337238848209381
733,0.18124188482761383,0.07585592567920685,0.11986079812049866,0.05750434845685959
734,0.12730039656162262,0.052792731672525406,0.15246042609214783,0.07095012068748474
735,0.1584901064634323,0.06801255792379379,0.12025772035121918,0.05640096962451935
736,0.13783127069473267,0.056950319558382034,0.28276169300079346,0.12105151265859604
737,0.19324885308742523,0.08322284370660782,0.13449926674365997,0.06619387865066528
738,0.13463833928108215,0.058834850788116455,0.16212962567806244,0.06926290690898895
739,0.11674019694328308,0.04683118313550949,0.12295779585838318,0.0538613498210907
740,0.13619369268417358,0.05839879438281059,0.11863796412944794,0.047885723412036896
741,0.11739500612020493,0.04620176926255226,0.10511558502912521,0.04177897423505783
742,0.11397923529148102,0.043387413024902344,0.23938697576522827,0.09603513032197952
743,0.1606343686580658,0.07255511730909348,0.1129499152302742,0.044325876981019974
744,0.11421672999858856,0.0450274683535099,0.49436864256858826,0.17095474898815155
745,0.21996815502643585,0.08240489661693573,0.40741005539894104,0.14866653084754944
746,0.24677488207817078,0.09193381667137146,0.11897288262844086,0.06485985964536667
747,0.20319075882434845,0.08930911868810654,0.14968204498291016,0.07469166070222855
748,0.1346428245306015,0.06030592322349548,0.21303264796733856,0.12019401788711548
749,0.17918206751346588,0.07598695904016495,0.14342176914215088,0.06208948791027069
750,0.15097904205322266,0.0619545504450798,0.13815468549728394,0.05846524238586426
751,0.1483263075351715,0.057566653937101364,0.1758510172367096,0.07116492092609406
752,0.11916646361351013,0.04894573241472244,0.10354457795619965,0.041349414736032486
753,0.11105674505233765,0.045050669461488724,0.25050273537635803,0.11017223447561264
754,0.16525474190711975,0.06946700066328049,0.12722638249397278,0.05833198502659798
755,0.11843454092741013,0.04906947910785675,0.10354175418615341,0.044602155685424805
756,0.11185002326965332,0.038869068026542664,0.1033564954996109,0.041227806359529495
757,0.10743848979473114,0.03876907750964165,0.4036235511302948,0.18067626655101776
758,0.19680450856685638,0.08338024467229843,0.11690805107355118,0.05577034875750542
759,0.11830449104309082,0.046557407826185226,0.11021161824464798,0.04294614866375923
760,0.11304812878370285,0.04376571625471115,0.11216256022453308,0.0452994666993618
761,0.10581745207309723,0.03859971836209297,0.14003679156303406,0.06481005996465683
762,0.12843410670757294,0.05321955680847168,0.11257348954677582,0.0457153283059597
763,0.11817004531621933,0.04742378741502762,0.142807275056839,0.06449420750141144
764,0.11586330831050873,0.04329684004187584,0.15742704272270203,0.07381998747587204
765,0.14830875396728516,0.060552727431058884,0.12601783871650696,0.05689752474427223
766,0.12204260379076004,0.04643480107188225,0.10738012194633484,0.044353533536195755
767,0.10784256458282471,0.0400330051779747,0.10778547078371048,0.04323451220989227
768,0.10893429070711136,0.03859993815422058,0.1562190055847168,0.07114753127098083
769,0.11509615927934647,0.046808432787656784,0.17634724080562592,0.08007673919200897
770,0.1396290361881256,0.05745537951588631,0.11481137573719025,0.05169634893536568
771,0.12485811114311218,0.050861719995737076,0.10572395473718643,0.04186896234750748
772,0.10814248770475388,0.03938951715826988,0.16142307221889496,0.07759463042020798
773,0.15681034326553345,0.06713072210550308,0.1242852434515953,0.05848151072859764
774,0.14641816914081573,0.05861879512667656,0.15784840285778046,0.07954812794923782
775,0.13004620373249054,0.05216405540704727,0.10404758155345917,0.041813984513282776
776,0.1189458966255188,0.04668264091014862,0.10723649710416794,0.04117656126618385
777,0.10191849619150162,0.03664623200893402,0.20784984529018402,0.09856197983026505
778,0.12768104672431946,0.052884846925735474,0.1633222997188568,0.0764528289437294
779,0.11975362151861191,0.04823840782046318,0.21087951958179474,0.09256359934806824
780,0.15408141911029816,0.06434354931116104,0.47864747047424316,0.20988251268863678
781,0.30582717061042786,0.12937763333320618,0.1475917398929596,0.0830690935254097
782,0.15214484930038452,0.07469788193702698,0.12311231344938278,0.06677081435918808
783,0.13221192359924316,0.0509808324277401,0.14449265599250793,0.061527203768491745
784,0.11264653503894806,0.041220225393772125,0.10313417762517929,0.03980124369263649
785,0.10418208688497543,0.037700869143009186,0.10787943005561829,0.042799096554517746
786,0.10612159222364426,0.03832321614027023,0.10602611303329468,0.039424024522304535
787,0.10034900158643723,0.035493459552526474,0.12432291358709335,0.054978009313344955
788,0.1281181275844574,0.05123221129179001,0.11597906053066254,0.04618731513619423
789,0.11762842535972595,0.04344615340232849,0.10278890281915665,0.03931892290711403
790,0.10595255345106125,0.038257401436567307,0.12973661720752716,0.05992502346634865
791,0.11159910261631012,0.04331452399492264,0.10291562974452972,0.0390004888176918
792,0.11905472725629807,0.045996639877557755,0.11484323441982269,0.046814870089292526
793,0.15208132565021515,0.061395592987537384,0.13296295702457428,0.06542808562517166
794,0.14516396820545197,0.05820566043257713,0.1681903451681137,0.0802869126200676
795,0.13270875811576843,0.0492534264922142,0.11258815973997116,0.04345577210187912
796,0.10808804631233215,0.04011691361665726,0.11403639614582062,0.04906187951564789
797,0.10727433115243912,0.03875682130455971,0.15234653651714325,0.06622039526700974
798,0.14368656277656555,0.05659749358892441,0.32101523876190186,0.12312547862529755
799,0.18766160309314728,0.08139874786138535,0.13682499527931213,0.06151523441076279
800,0.2691791355609894,0.10158238559961319,0.14969277381896973,0.06958708167076111
801,0.16735844314098358,0.0669926330447197,0.12875401973724365,0.05830630287528038
802,0.14684627950191498,0.056139666587114334,0.19282947480678558,0.08825290948152542
803,0.1308462917804718,0.05204245075583458,0.11548059433698654,0.046231068670749664
804,0.11125899106264114,0.04367095232009888,0.10603956133127213,0.042717095464468
805,0.10021630674600601,0.0354490801692009,0.11721598356962204,0.04877139627933502
806,0.10774248093366623,0.0409294068813324,0.10077205300331116,0.038743000477552414
807,0.10470782965421677,0.03786979988217354,0.10386190563440323,0.04052431136369705
808,0.1115453764796257,0.04308316111564636,0.1097189337015152,0.04670489951968193
809,0.10310741513967514,0.03528464958071709,0.10292770713567734,0.03909691795706749
810,0.1086382046341896,0.040175534784793854,0.11550907790660858,0.049398574978113174
811,0.11085822433233261,0.041812360286712646,0.11088255047798157,0.05029700696468353
812,0.11708040535449982,0.046028994023799896,0.42077815532684326,0.14592768251895905
813,0.2560979723930359,0.1016964390873909,0.4498552083969116,0.1653536558151245
814,0.2375323623418808,0.09458364546298981,0.22553874552249908,0.08018863946199417
815,0.1731417179107666,0.08053533732891083,0.11674697697162628,0.05661666765809059
816,0.11291409283876419,0.04077506437897682,0.11518331617116928,0.04800012707710266
817,0.10964837670326233,0.04069620743393898,0.13803282380104065,0.06063682585954666
818,0.11547727137804031,0.04579037427902222,0.12067928165197372,0.0481119342148304
819,0.11206035315990448,0.04123577103018761,0.20026758313179016,0.08953206986188889
820,0.16202500462532043,0.06589789688587189,0.11148183047771454,0.05086367949843407
821,0.15220864117145538,0.06312286108732224,0.15141718089580536,0.06666893512010574
822,0.12952277064323425,0.05118788778781891,0.09501754492521286,0.03796238824725151
823,0.11814481765031815,0.04704437777400017,0.15815338492393494,0.06613776832818985
824,0.13882960379123688,0.05354340374469757,0.15217386186122894,0.07083948701620102
825,0.1192777082324028,0.04508264362812042,0.10965387523174286,0.04534094035625458
826,0.10290957987308502,0.038145724684000015,0.1010323241353035,0.039676446467638016
827,0.10330977290868759,0.03614339232444763,0.15440845489501953,0.06871767342090607
828,0.1345805525779724,0.05691586434841156,0.1296512931585312,0.05434475094079971
829,0.12243092805147171,0.048917993903160095,0.09919701516628265,0.040052369236946106
830,0.1053166314959526,0.03889249637722969,0.34213635325431824,0.1551307737827301
831,0.2818540930747986,0.12240157276391983,0.4207226037979126,0.08745680004358292
832,0.21554282307624817,0.09779033064842224,0.12147000432014465,0.06823743879795074
833,0.17160232365131378,0.07078500837087631,0.1266270875930786,0.0578901581466198
834,0.12620426714420319,0.0471363365650177,0.11328684538602829,0.044137805700302124
835,0.10397014021873474,0.03733089938759804,0.22538840770721436,0.1043318435549736
836,0.15060460567474365,0.06419994682073593,0.10131866484880447,0.04071027413010597
837,0.12135583907365799,0.047440312802791595,0.1089395210146904,0.04216993227601051
838,0.11672116816043854,0.04691585153341293,0.11766769737005234,0.05086727440357208
839,0.13104107975959778,0.055385787039995193,0.10903459787368774,0.0426441952586174
840,0.11069482564926147,0.042168859392404556,0.1520375907421112,0.06750599294900894
841,0.1287631243467331,0.051215171813964844,0.1482367068529129,0.06659705191850662
842,0.12408991158008575,0.049420349299907684,0.10612515360116959,0.043641071766614914
843,0.11170781403779984,0.040847230702638626,0.25330162048339844,0.09970583021640778
844,0.2295471578836441,0.09017672389745712,0.13366395235061646,0.06993795186281204
845,0.18552231788635254,0.07448035478591919,0.328999787569046,0.1477932333946228
846,0.15760160982608795,0.06378893554210663,0.12688139081001282,0.057283803820610046
847,0.10688823461532593,0.041054077446460724,0.12588371336460114,0.05541440099477768
848,0.11425738781690598,0.04198689013719559,0.2694188952445984,0.11889658868312836
849,0.14471587538719177,0.061807192862033844,0.10674002766609192,0.04680747538805008
850,0.13882485032081604,0.05589190870523453,0.12151500582695007,0.05732668563723564
851,0.11259670555591583,0.04469728842377663,0.1463523805141449,0.07006821036338806
852,0.1150277853012085,0.042994868010282516,0.1294882893562317,0.05683783441781998
853,0.12487535923719406,0.04770921543240547,0.10298552364110947,0.04018427059054375
854,0.11338942497968674,0.04419355466961861,0.10790614783763885,0.046547845005989075
855,0.10656444728374481,0.03911120817065239,0.10036781430244446,0.03813903033733368
856,0.10588306933641434,0.04096679389476776,0.12111986428499222,0.05306851491332054
857,0.10154464095830917,0.037271350622177124,0.1210227683186531,0.05234180763363838
858,0.14350856840610504,0.05617620795965195,0.12180496007204056,0.05486680939793587
859,0.1332208663225174,0.05508669465780258,0.1468014270067215,0.06325901299715042
860,0.11718060076236725,0.04545464739203453,0.11286908388137817,0.04572569951415062
861,0.1236194521188736,0.0506964772939682,0.10208525508642197,0.04103688895702362
862,0.10583559423685074,0.0392470546066761,0.11549568176269531,0.04804826155304909
863,0.16800466179847717,0.06867416948080063,0.16817604005336761,0.07317864149808884
864,0.12720941007137299,0.05476463586091995,0.10051319003105164,0.04143911972641945
865,0.11735350638628006,0.04526164010167122,0.10903345793485641,0.04170745238661766
866,0.11213083565235138,0.043727803975343704,0.16213612258434296,0.06619365513324738
867,0.1791515052318573,0.0707327127456665,0.24073214828968048,0.09170781821012497
868,0.16804085671901703,0.06908677518367767,0.09931537508964539,0.044030237942934036
869,0.1415008008480072,0.051975689828395844,0.12692458927631378,0.05520813167095184
870,0.1095823124051094,0.039799924939870834,0.12086484581232071,0.05416347086429596
871,0.1130494549870491,0.04034463316202164,0.1587202250957489,0.07614673674106598
872,0.14848311245441437,0.06159939989447594,0.10994605720043182,0.05002899095416069
873,0.1134924590587616,0.04370219260454178,0.1344793736934662,0.06085509806871414
874,0.12115982174873352,0.04913966730237007,0.12307596206665039,0.05255833640694618
875,0.12599973380565643,0.04876285791397095,0.15582537651062012,0.06854432821273804
876,0.13433237373828888,0.05435527488589287,0.44944214820861816,0.21261154115200043
877,0.2925766706466675,0.12862005829811096,0.20283202826976776,0.0817510336637497
878,0.20531749725341797,0.08717451244592667,0.10994286835193634,0.05904974043369293
879,0.15724292397499084,0.05900474637746811,0.09759098291397095,0.03521176427602768
880,0.10786153376102448,0.038173116743564606,0.17041859030723572,0.0682787299156189
881,0.12902890145778656,0.04907757788896561,0.13344016671180725,0.0556221678853035
882,0.14073362946510315,0.05789974704384804,0.2495802342891693,0.09638864547014236
883,0.16319264471530914,0.06988797336816788,0.14274854958057404,0.06177368015050888
884,0.12720486521720886,0.05024860054254532,0.1069551557302475,0.04439021274447441
885,0.10406769812107086,0.03647521883249283,0.17375624179840088,0.07490526884794235
886,0.114117331802845,0.04542986676096916,0.12777718901634216,0.05469747632741928
887,0.10115521401166916,0.03593543916940689,0.11551454663276672,0.05175366997718811
888,0.10756739228963852,0.03808516263961792,0.1147376075387001,0.04702760651707649
889,0.10302956402301788,0.0363791361451149,0.09794095903635025,0.036703288555145264
890,0.09860075265169144,0.03452279418706894,0.12387438863515854,0.055871497839689255
891,0.10769620537757874,0.041477225720882416,0.0934876948595047,0.03411734104156494
892,0.09975674003362656,0.03362070024013519,0.1632559448480606,0.06995204091072083
893,0.17303943634033203,0.07350936532020569,0.16632317006587982,0.06821364909410477
894,0.13755661249160767,0.0539490282535553,0.15493908524513245,0.0684516429901123
895,0.14622657001018524,0.06022726371884346,0.16950421035289764,0.0631469190120697
896,0.139809250831604,0.060216084122657776,0.17196598649024963,0.06931378692388535
897,0.1307949423789978,0.048738036304712296,0.09631508588790894,0.034981392323970795
898,0.11293396353721619,0.043636664748191833,0.16064806282520294,0.06918082386255264
899,0.13399545848369598,0.05431202054023743,0.1529511958360672,0.06660835444927216
900,0.11206330358982086,0.043557535856962204,0.09638851135969162,0.03626696765422821
901,0.10961195826530457,0.0416630357503891,0.10418737679719925,0.03907322138547897
902,0.101919025182724,0.03404664620757103,0.09527827054262161,0.03651957958936691
903,0.10458559542894363,0.037352435290813446,0.17238670587539673,0.07069791108369827
904,0.13504190742969513,0.056068304926157,0.11991586536169052,0.049666307866573334
905,0.13581153750419617,0.05671476945281029,0.09896911680698395,0.039440833032131195
906,0.1119818389415741,0.04145604372024536,0.13948264718055725,0.06599061191082001
907,0.1380762755870819,0.05508091673254967,0.1002768874168396,0.04023461043834686
908,0.11286162585020065,0.042859189212322235,0.1477034091949463,0.06852438300848007
909,0.1107976958155632,0.040285997092723846,0.11770163476467133,0.049198269844055176
910,0.1042390987277031,0.03838394582271576,0.10694116353988647,0.04431268572807312
911,0.10864867269992828,0.0419343076646328,0.09181948751211166,0.03506371006369591
912,0.09960582107305527,0.0354744978249073,0.1252426654100418,0.05447930470108986
913,0.1015193909406662,0.0364515595138073,0.39508095383644104,0.1654399037361145
914,0.20427024364471436,0.08648966997861862,0.1439756453037262,0.06578293442726135
915,0.12718597054481506,0.05039437115192413,0.09544332325458527,0.035404205322265625
916,0.12824663519859314,0.04955252632498741,0.09468361735343933,0.036405712366104126
917,0.11143101751804352,0.043057236820459366,0.14020706713199615,0.06006046384572983
918,0.1089361384510994,0.039216555655002594,0.14827334880828857,0.06733286380767822
919,0.10977441072463989,0.04149218276143074,0.1082269549369812,0.044329751282930374
920,0.11051084846258163,0.04134528711438179,0.09903290122747421,0.03808743879199028
921,0.11535864323377609,0.043782737106084824,0.10948457568883896,0.044801268726587296
922,0.12342743575572968,0.04749196022748947,0.10996793955564499,0.04785959795117378
923,0.1156759038567543,0.044815897941589355,0.09551561623811722,0.034314531832933426
924,0.1061210110783577,0.040873657912015915,0.1305929720401764,0.05650746822357178
925,0.12144659459590912,0.04681381210684776,0.11138559132814407,0.04774584621191025
926,0.10069377720355988,0.03592631593346596,0.13636581599712372,0.059097155928611755
927,0.12324199825525284,0.0448613278567791,0.1028263196349144,0.04101238399744034
928,0.09535641223192215,0.03250422328710556,0.11702199280261993,0.04869796708226204
929,0.10508554428815842,0.037017446011304855,0.09663620591163635,0.036164890974760056
930,0.09821120649576187,0.03351866453886032,0.11010942608118057,0.04377976432442665
931,0.10636131465435028,0.03976290673017502,0.10050367563962936,0.040589991956949234
932,0.11072493344545364,0.0425739623606205,0.10942575335502625,0.0467938669025898
933,0.09850001335144043,0.03480185940861702,0.1387968510389328,0.06068357825279236
934,0.12833282351493835,0.05319322645664215,0.13011115789413452,0.0562233030796051
935,0.1086902990937233,0.03931563347578049,0.11733841150999069,0.050535898655653
936,0.10171891748905182,0.03652865067124367,0.08785191178321838,0.03331764042377472
937,0.10726681351661682,0.036235012114048004,0.09559651464223862,0.0361611470580101
938,0.09567277878522873,0.03188152611255646,0.40785568952560425,0.18085555732250214
939,0.1994236409664154,0.08780143409967422,0.1333070993423462,0.059653110802173615
940,0.1354745328426361,0.061220668256282806,0.10291553288698196,0.0451548770070076
941,0.1272539496421814,0.048492491245269775,0.10883215069770813,0.044288042932748795
942,0.09545184671878815,0.03180735558271408,0.09263387322425842,0.03334585204720497
943,0.11042547971010208,0.0403052382171154,0.1111527606844902,0.04892851784825325
944,0.1050712913274765,0.03906668350100517,0.1216045394539833,0.050234612077474594
945,0.09483058750629425,0.032807961106300354,0.12710778415203094,0.05878046900033951
946,0.12511920928955078,0.046529240906238556,0.15905874967575073,0.07848680764436722
947,0.11882947385311127,0.047859035432338715,0.08706865459680557,0.032471973448991776
948,0.09828388690948486,0.03353346511721611,0.14278511703014374,0.06721848249435425
949,0.10468136519193649,0.03922241926193237,0.149589404463768,0.06393234431743622
950,0.12466736137866974,0.05150863155722618,0.1523340791463852,0.058118268847465515
951,0.13348814845085144,0.056186020374298096,0.10643073916435242,0.048095736652612686
952,0.10099515318870544,0.03536136448383331,0.11306872963905334,0.048296235501766205
953,0.11736399680376053,0.04705168679356575,0.09105142951011658,0.03218185901641846
954,0.10018935054540634,0.035344913601875305,0.10962598770856857,0.04656485468149185
955,0.09805413335561752,0.032549887895584106,0.12518174946308136,0.05268282815814018
956,0.11069581657648087,0.04219755530357361,0.26940327882766724,0.12101545184850693
957,0.15922684967517853,0.06437798589468002,0.09279295802116394,0.03938141092658043
958,0.10702796280384064,0.038462404161691666,0.21328921616077423,0.09137114882469177
959,0.1314348727464676,0.051130861043930054,0.09177378565073013,0.03615408390760422
960,0.10716038197278976,0.03915338218212128,0.11858131736516953,0.04746107757091522
961,0.1305398792028427,0.05176452919840813,0.1087208241224289,0.04371359944343567
962,0.0975365862250328,0.03185145556926727,0.0947195440530777,0.036109283566474915
963,0.09535059332847595,0.03278621658682823,0.12466632574796677,0.052049487829208374
964,0.11844390630722046,0.04562470689415932,0.2068476676940918,0.08874742686748505
965,0.1705799251794815,0.06676426529884338,0.22668927907943726,0.08466726541519165
966,0.18123982846736908,0.07181432843208313,0.1268322765827179,0.06366277486085892
967,0.13327407836914062,0.05857359617948532,0.16514509916305542,0.07349066436290741
968,0.10696012526750565,0.0399264395236969,0.1079719290137291,0.042968422174453735
969,0.12357066571712494,0.04630293697118759,0.11858828365802765,0.052474383264780045
970,0.13513508439064026,0.052026089280843735,0.10465560853481293,0.04377749562263489
971,0.14130571484565735,0.055043432861566544,0.208275705575943,0.08843506127595901
972,0.18513673543930054,0.07390722632408142,0.11769821494817734,0.04715705290436745
973,0.11525361239910126,0.04230351746082306,0.10890382528305054,0.0421321764588356
974,0.12016525119543076,0.04447665810585022,0.14576025307178497,0.07254081964492798
975,0.12750230729579926,0.05082450807094574,0.11366646736860275,0.04804180562496185
976,0.10116571187973022,0.038091108202934265,0.09382854402065277,0.03693842515349388
977,0.09701357036828995,0.034957509487867355,0.10823089629411697,0.04364040866494179
978,0.11841116100549698,0.04456453025341034,0.10333177447319031,0.04170288145542145
979,0.10548996925354004,0.0401584766805172,0.12862278521060944,0.05993136391043663
980,0.11483579874038696,0.04479842260479927,0.1106405034661293,0.0447649285197258
981,0.09938223659992218,0.03336150571703911,0.0971432700753212,0.036035437136888504
982,0.09351594001054764,0.03099443018436432,0.09226934611797333,0.032944485545158386
983,0.10504944622516632,0.03976566344499588,0.1027238667011261,0.04289085417985916
984,0.09370534867048264,0.0324409119784832,0.14133965969085693,0.060518089681863785
985,0.1434691846370697,0.05739206075668335,0.25697386264801025,0.09431251883506775
986,0.14387692511081696,0.05797159671783447,0.13816334307193756,0.05833972990512848
987,0.13182853162288666,0.05565141141414642,0.0961022600531578,0.039543237537145615
988,0.09248561412096024,0.0315280482172966,0.10230302810668945,0.03967541828751564
989,0.0941106379032135,0.031371552497148514,0.11172627657651901,0.04587766155600548
990,0.13431742787361145,0.05661014840006828,0.3333284854888916,0.09406507760286331
991,0.13819946348667145,0.05552966147661209,0.09668319672346115,0.03828449174761772
992,0.11057999730110168,0.04257514700293541,0.1887328326702118,0.08113843947649002
993,0.11191938072443008,0.04443135857582092,0.10192615538835526,0.03944558650255203
994,0.1154240146279335,0.040571000427007675,0.1059657409787178,0.04431015998125076
995,0.11303538829088211,0.041704386472702026,0.16453757882118225,0.07432432472705841
996,0.10481512546539307,0.03766946867108345,0.08447565883398056,0.031063370406627655
997,0.09019189327955246,0.02902837283909321,0.0946902483701706,0.03505473583936691
998,0.09921081364154816,0.03575660660862923,0.09147878736257553,0.033330127596855164
999,0.10109583288431168,0.03643176332116127,0.11587896198034286,0.049500465393066406
1000,0.10743249952793121,0.04022407531738281,0.10635337978601456,0.04180081933736801
1001,0.13853581249713898,0.0569763109087944,0.20753370225429535,0.09121380746364594
1002,0.15841887891292572,0.06708816438913345,0.10819890350103378,0.05467027798295021
1003,0.10849770158529282,0.04496574401855469,0.09940042346715927,0.04215087369084358
1004,0.09556696563959122,0.03319644182920456,0.132468581199646,0.055395450443029404
1005,0.11251085996627808,0.042031388729810715,0.10317730158567429,0.040964026004076004
1006,0.10526566952466965,0.03989902883768082,0.0955275371670723,0.035534195601940155
1007,0.10125179588794708,0.03606754168868065,0.09019283205270767,0.03275476023554802
1008,0.09293828904628754,0.031458400189876556,0.10504806786775589,0.04089776426553726
1009,0.09534768015146255,0.03538404405117035,0.09190797060728073,0.03754643723368645
1010,0.0955338254570961,0.03302560746669769,0.15606217086315155,0.06705404818058014
1011,0.14594271779060364,0.05948614329099655,0.09663645923137665,0.04095467925071716
1012,0.11255792528390884,0.04367229342460632,0.10805532336235046,0.04386144131422043
1013,0.10263326019048691,0.035729631781578064,0.11781460046768188,0.05160210281610489
1014,0.10219369828701019,0.033879995346069336,0.08840875327587128,0.03258228302001953
1015,0.0929490476846695,0.029490042477846146,0.09080051630735397,0.03315924108028412
1016,0.09415639191865921,0.031177030876278877,0.22896519303321838,0.10783319175243378
1017,0.13746951520442963,0.05498649924993515,0.14644542336463928,0.06209993734955788
1018,0.13252682983875275,0.0510932132601738,0.09137368202209473,0.035651322454214096
1019,0.09198320657014847,0.031150761991739273,0.1940661370754242,0.09450746327638626
1020,0.11635639518499374,0.04494176805019379,0.2969769239425659,0.12459588795900345
1021,0.21443147957324982,0.09271442145109177,0.22047728300094604,0.07118500769138336
1022,0.14227280020713806,0.05623672902584076,0.09183034300804138,0.03752429410815239
1023,0.12293052673339844,0.047904033213853836,0.09725755453109741,0.034748125821352005
1024,0.09596611559391022,0.03337091952562332,0.10120241343975067,0.03719823434948921
1025,0.10120294988155365,0.03729114681482315,0.0892302617430687,0.03116299957036972
1026,0.09472870081663132,0.032479770481586456,0.1674761176109314,0.0736750066280365
1027,0.12125599384307861,0.04493338242173195,0.13442078232765198,0.05934339389204979
1028,0.10853355377912521,0.04095280542969704,0.1998274028301239,0.09078195691108704
1029,0.13494902849197388,0.05802293121814728,0.11005005240440369,0.046099014580249786
1030,0.10127488523721695,0.03669988363981247,0.7815617322921753,0.27740535140037537
1031,0.41831421852111816,0.1643906682729721,0.13215993344783783,0.08336393535137177
1032,0.1967696249485016,0.09381602704524994,0.1585233211517334,0.05651746690273285
1033,0.17370250821113586,0.0709812194108963,0.1363661140203476,0.047630425542593
1034,0.12667647004127502,0.047774627804756165,0.1370570808649063,0.05377364531159401
1035,0.15487754344940186,0.06547603011131287,0.10253541171550751,0.04354776442050934
1036,0.10273829847574234,0.03961235284805298,0.08952092379331589,0.02975943498313427
1037,0.09341955929994583,0.030730828642845154,0.09182702749967575,0.02990097552537918
1038,0.09817982465028763,0.032403428107500076,0.18627430498600006,0.08373294025659561
1039,0.13419505953788757,0.05326252803206444,0.09430759400129318,0.038674935698509216
1040,0.0960831344127655,0.031584836542606354,0.11563266813755035,0.04974481090903282
1041,0.1048266738653183,0.036552153527736664,0.1031409427523613,0.03839145973324776
1042,0.09727595001459122,0.03346093371510506,0.18024620413780212,0.08590637147426605
1043,0.12490560859441757,0.05058508738875389,0.09191659837961197,0.0345643125474453
1044,0.10741143673658371,0.03950450196862221,0.0959073156118393,0.04087420925498009
1045,0.09239042550325394,0.031114725396037102,0.09590887278318405,0.03135044500231743
1046,0.09667011350393295,0.03287653252482414,0.08281902968883514,0.02947969175875187
1047,0.08987414091825485,0.029133031144738197,0.12205950915813446,0.05031658336520195
1048,0.1035090833902359,0.03663620352745056,0.27687931060791016,0.12782695889472961
1049,0.17662382125854492,0.06962470710277557,0.26835009455680847,0.10090913623571396
1050,0.15572021901607513,0.0592837892472744,0.08177594840526581,0.03218730166554451
1051,0.10244724899530411,0.038223154842853546,0.10231882333755493,0.0371696799993515
1052,0.1125960573554039,0.04389587789773941,0.09018832445144653,0.03109966218471527
1053,0.09614667296409607,0.032698243856430054,0.09978467971086502,0.041061531752347946
1054,0.09984586387872696,0.036522313952445984,0.11068841814994812,0.04473353922367096
1055,0.09968847781419754,0.03479786589741707,0.08531416952610016,0.028987713158130646
1056,0.09001781791448593,0.02895956113934517,0.08474890887737274,0.028099536895751953
1057,0.09573062509298325,0.03525335341691971,0.09938106685876846,0.03576306998729706
1058,0.11402513831853867,0.04230461269617081,0.0927329957485199,0.03306246176362038
1059,0.10520091652870178,0.04030042141675949,0.13623566925525665,0.05659716576337814
1060,0.11206366121768951,0.04506358504295349,0.19052839279174805,0.07878828048706055
1061,0.15279965102672577,0.06473834067583084,0.17914310097694397,0.07440255582332611
1062,0.12350623309612274,0.050706468522548676,0.07884149253368378,0.02764776721596718
1063,0.09378111362457275,0.031868670135736465,0.08849866688251495,0.02870234102010727
1064,0.08800999820232391,0.027806822210550308,0.08363168686628342,0.030778279528021812
1065,0.0903981626033783,0.029318349435925484,0.1092190146446228,0.04681580513715744
1066,0.09736921638250351,0.03383208066225052,0.08252403885126114,0.029955491423606873
1067,0.09156942367553711,0.029174339026212692,0.0892840027809143,0.03256503492593765
1068,0.08616337180137634,0.027312954887747765,0.08244000375270844,0.02848333865404129
1069,0.09522790461778641,0.03374813124537468,0.08211350440979004,0.02762586809694767
1070,0.10289359837770462,0.036702267825603485,0.10384093970060349,0.04010945186018944
1071,0.11170407384634018,0.0411040224134922,0.07999386638402939,0.02723051607608795
1072,0.09823346138000488,0.033017389476299286,0.19879236817359924,0.09177875518798828
1073,0.16289319097995758,0.06861993670463562,0.19722595810890198,0.06793997436761856
1074,0.14308035373687744,0.06415612250566483,0.08466003090143204,0.031150303781032562
1075,0.10554157942533493,0.03089592047035694,0.11201803386211395,0.04664719104766846
1076,0.14035439491271973,0.052387747913599014,0.09584903717041016,0.03595992922782898
1077,0.11195467412471771,0.041693564504384995,0.2536735236644745,0.11937208473682404
1078,0.15468570590019226,0.06451193243265152,0.10955310612916946,0.048500288277864456
1079,0.14122852683067322,0.05705276504158974,0.19065862894058228,0.10266091674566269
1080,0.10372333228588104,0.03789794072508812,0.10394156724214554,0.03967203572392464
1081,0.10634754598140717,0.039565589278936386,0.09717979282140732,0.03722590208053589
1082,0.10275238752365112,0.03641016036272049,0.08838222175836563,0.027590813115239143
1083,0.09514469653367996,0.029751839116215706,0.1307341754436493,0.05437920242547989
1084,0.10551156103610992,0.03655659407377243,0.09346645325422287,0.03685182332992554
1085,0.0902908518910408,0.029730115085840225,0.09115991741418839,0.03154229000210762
1086,0.08827057480812073,0.029499448835849762,0.0858154371380806,0.02947743609547615
1087,0.09415293484926224,0.034660834819078445,0.08718137443065643,0.03167806938290596
1088,0.09949349611997604,0.03493989259004593,0.13013210892677307,0.05206522345542908
1089,0.09366654604673386,0.031186692416667938,0.1017317995429039,0.040235355496406555
1090,0.11017666012048721,0.039725229144096375,0.30343908071517944,0.14665964245796204
1091,0.14441318809986115,0.06309196352958679,0.08515872806310654,0.03438505157828331
1092,0.10886039584875107,0.0401100255548954,0.19482378661632538,0.07917048037052155
1093,0.1243663877248764,0.04791688174009323,0.08918043226003647,0.03166767954826355
1094,0.09820181131362915,0.03327873721718788,0.0971963033080101,0.03953542187809944
1095,0.09181184321641922,0.030786538496613503,0.10304658859968185,0.04180551692843437
1096,0.11308126896619797,0.04211219772696495,0.09856473654508591,0.03456146642565727
1097,0.09455078840255737,0.03171548619866371,0.08560837060213089,0.030040793120861053
1098,0.0919194296002388,0.031130611896514893,0.1863943338394165,0.08711846172809601
1099,0.12444087862968445,0.04719525948166847,0.09989620000123978,0.041256457567214966
1100,0.10781533271074295,0.040077243000268936,0.13481251895427704,0.05786682665348053
1101,0.10838083922863007,0.0391666404902935,0.08970676362514496,0.03161607310175896
1102,0.09872516989707947,0.034483104944229126,0.0847102701663971,0.028386814519762993
1103,0.08524735271930695,0.02695339173078537,0.09647362679243088,0.03743746876716614
1104,0.10278300940990448,0.03773708641529083,0.389774888753891,0.19695262610912323
1105,0.19042499363422394,0.07958129793405533,0.09616824984550476,0.044986791908741
1106,0.13442079722881317,0.054861657321453094,0.15575148165225983,0.0714104101061821
1107,0.1637679487466812,0.06509963423013687,0.5492076277732849,0.17162366211414337
1108,0.26628178358078003,0.10282985866069794,0.12743671238422394,0.05206525698304176
1109,0.15693801641464233,0.0675465539097786,0.13477668166160583,0.059392049908638
1110,0.2482081949710846,0.09913427382707596,0.12610916793346405,0.05232659727334976
1111,0.14788785576820374,0.05678105354309082,0.11337433010339737,0.04687042534351349
1112,0.10149398446083069,0.03549736365675926,0.10360047966241837,0.0407593734562397
1113,0.09107895940542221,0.029747076332569122,0.08937516808509827,0.03019237332046032
1114,0.08553266525268555,0.026604479178786278,0.15633311867713928,0.06619035452604294
1115,0.11624306440353394,0.043791916221380234,0.08325042575597763,0.027494922280311584
1116,0.08679498732089996,0.027516502887010574,0.08146367222070694,0.027520479634404182
1117,0.08444865047931671,0.026143014430999756,0.08149543404579163,0.02789139933884144
1118,0.08467261493206024,0.02603229694068432,0.09272854775190353,0.033935561776161194
1119,0.09087242931127548,0.030514374375343323,0.07717198133468628,0.02600574493408203
1120,0.0860794335603714,0.02676824852824211,0.08090894669294357,0.027745338156819344
1121,0.09666399657726288,0.032070886343717575,0.07891420274972916,0.028365271165966988
1122,0.11811887472867966,0.046248190104961395,0.24666889011859894,0.0967804342508316
1123,0.163962721824646,0.06647400557994843,0.11964364349842072,0.05422158166766167
1124,0.10145723819732666,0.03815619274973869,0.20074939727783203,0.09556450694799423
1125,0.14036977291107178,0.05727555975317955,0.22713318467140198,0.09041380137205124
1126,0.14626388251781464,0.05681556463241577,0.09269430488348007,0.03999333456158638
1127,0.10456834733486176,0.03954261541366577,0.3729524314403534,0.17302851378917694
1128,0.2655550539493561,0.11931628733873367,0.13628903031349182,0.07548321038484573
1129,0.13036787509918213,0.06554244458675385,0.10553611814975739,0.03451113775372505
1130,0.11117821931838989,0.039885763078927994,0.12439592182636261,0.04390387609601021
1131,0.10587798058986664,0.03665252774953842,0.09902869164943695,0.03563305735588074
1132,0.09667500853538513,0.03323822468519211,0.12919914722442627,0.05476713180541992
1133,0.10112500190734863,0.03513496369123459,0.0870843380689621,0.028391465544700623
1134,0.09053203463554382,0.02913571521639824,0.12462722510099411,0.054981593042612076
1135,0.10906493663787842,0.04185178875923157,0.07719077914953232,0.025367002934217453
1136,0.08996304869651794,0.030076999217271805,0.0860811248421669,0.028527624905109406
1137,0.08582539111375809,0.026897652074694633,0.10114864259958267,0.039813026785850525
1138,0.09551621228456497,0.032247476279735565,0.08241159468889236,0.029229138046503067
1139,0.08587179332971573,0.02571614645421505,0.11194827407598495,0.0479157455265522
1140,0.08854514360427856,0.02836264856159687,0.08156532049179077,0.02745363861322403
1141,0.08530715852975845,0.027605131268501282,0.07927980273962021,0.026461049914360046
1142,0.08422210812568665,0.025074368342757225,0.10802210122346878,0.04338887706398964
1143,0.08961725980043411,0.029802752658724785,0.08249029517173767,0.02899179421365261
1144,0.08677086234092712,0.027916302904486656,0.07552400231361389,0.02461770921945572
1145,0.08873161673545837,0.028800973668694496,0.11631031334400177,0.048096075654029846
1146,0.1033993810415268,0.038550496101379395,0.09218648076057434,0.03212510421872139
1147,0.09118364751338959,0.02942746691405773,0.08031825721263885,0.02658035233616829
1148,0.09363795071840286,0.03173244372010231,0.08044130355119705,0.025339899584650993
1149,0.08536378294229507,0.027894657105207443,0.07637566328048706,0.024703195318579674
1150,0.08964578062295914,0.030391307547688484,0.10704124718904495,0.044235359877347946
1151,0.09765899926424026,0.03569792956113815,0.12422627210617065,0.05453585460782051
1152,0.11339864879846573,0.04399450123310089,0.08654206991195679,0.03668525069952011
1153,0.0985085666179657,0.037345848977565765,0.08165605366230011,0.02590078115463257
1154,0.08631476014852524,0.027008991688489914,0.10170616954565048,0.037610046565532684
1155,0.09303601831197739,0.03228899464011192,0.10014478862285614,0.03898095339536667
1156,0.10351721942424774,0.03581136837601662,0.12078950554132462,0.05161859840154648
1157,0.10507804900407791,0.035928212106227875,0.08227434009313583,0.026728663593530655
1158,0.08797787129878998,0.026505526155233383,0.24714863300323486,0.12157173454761505
1159,0.1634320765733719,0.06891623139381409,0.13744428753852844,0.05229023098945618
1160,0.12510767579078674,0.04350423067808151,0.10542133450508118,0.04176676645874977
1161,0.09930229187011719,0.03270920366048813,0.10393131524324417,0.0403987355530262
1162,0.09693701565265656,0.03479234501719475,0.07725043594837189,0.025784511119127274
1163,0.12710215151309967,0.04889863356947899,0.2600546181201935,0.09076442569494247
1164,0.18867896497249603,0.07219000160694122,0.13334545493125916,0.060709770768880844
1165,0.11519107967615128,0.049261435866355896,0.3372308313846588,0.15273958444595337
1166,0.15055182576179504,0.060868751257658005,0.11980326473712921,0.048323869705200195
1167,0.10329487174749374,0.036432720720767975,0.16824127733707428,0.07255277037620544
1168,0.12864863872528076,0.052825216203927994,0.10952704399824142,0.043502166867256165
1169,0.08862484991550446,0.029109127819538116,0.08409914374351501,0.029197540134191513
1170,0.095685675740242,0.03263934329152107,0.13954538106918335,0.06091119721531868
1171,0.1283426582813263,0.050599098205566406,0.10929010063409805,0.042396772652864456
1172,0.11582427471876144,0.04242435097694397,0.08772843331098557,0.03327476605772972
1173,0.09243398904800415,0.030652476474642754,0.10511699318885803,0.039151981472969055
1174,0.10185246169567108,0.03839563578367233,0.09423547983169556,0.037977203726768494
1175,0.08993340283632278,0.029596786946058273,0.0860840231180191,0.03107563406229019
1176,0.08450278639793396,0.027178442105650902,0.09703512489795685,0.036686450242996216
1177,0.08575714379549026,0.027841219678521156,0.08928567171096802,0.03239501640200615
1178,0.08369161933660507,0.02626054547727108,0.0935707688331604,0.0356995165348053
1179,0.09076537936925888,0.03008415177464485,0.1227668970823288,0.052379656583070755
1180,0.11365245282649994,0.04410101845860481,0.08668716251850128,0.03346501663327217
1181,0.08571841567754745,0.025956004858016968,0.08220124989748001,0.02700270153582096
1182,0.08299364894628525,0.026285067200660706,0.07819903641939163,0.025053992867469788
1183,0.07866881787776947,0.02339443564414978,0.07507334649562836,0.02430053800344467
1184,0.0809391438961029,0.0248713381588459,0.07862646132707596,0.026088764891028404
1185,0.07850180566310883,0.023227710276842117,0.1130995973944664,0.04635470360517502
1186,0.11919155716896057,0.04260934889316559,0.08963027596473694,0.0388735830783844
1187,0.09108511358499527,0.030374707654118538,0.1777397096157074,0.06725014746189117
1188,0.12494029849767685,0.04813989996910095,0.0804005116224289,0.026187239214777946
1189,0.09344032406806946,0.03347339108586311,0.07245892286300659,0.02354578487575054
1190,0.10635549575090408,0.03977634012699127,0.1839318871498108,0.08564502745866776
1191,0.15845289826393127,0.06735379248857498,0.30039742588996887,0.09465451538562775
1192,0.3327313959598541,0.1307787299156189,0.12533824145793915,0.0717058777809143
1193,0.22751936316490173,0.10162476450204849,0.1325671523809433,0.06773731112480164
1194,0.1289958506822586,0.05742492154240608,0.20110046863555908,0.10040198266506195
1195,0.11909078806638718,0.0459756925702095,0.0917985737323761,0.03074309416115284
1196,0.08876123279333115,0.02944372221827507,0.08464076370000839,0.026761822402477264
1197,0.0866670161485672,0.027998458594083786,0.08717819303274155,0.03176715970039368
1198,0.08511500805616379,0.027009934186935425,0.08422359824180603,0.030312523245811462
1199,0.09306612610816956,0.033156249672174454,0.09104711562395096,0.03617354482412338
1200,0.09171495586633682,0.032473962754011154,0.07632668316364288,0.027074923738837242
1201,0.1093684658408165,0.03949343040585518,0.20422746241092682,0.07520817965269089
1202,0.13319829106330872,0.05656730756163597,0.10445655882358551,0.04107480123639107
1203,0.11885006725788116,0.0516536571085453,0.08177376538515091,0.027659907937049866
1204,0.0892934575676918,0.030137337744235992,0.0815168097615242,0.028804384171962738
1205,0.08504006266593933,0.02649044059216976,0.08868397772312164,0.031598497182130814
1206,0.08881761133670807,0.027636844664812088,0.08176592737436295,0.031156674027442932
1207,0.08447159826755524,0.027566490694880486,0.10474473237991333,0.04004926607012749
1208,0.08869370073080063,0.029041960835456848,0.09028445184230804,0.03220373019576073
1209,0.09761692583560944,0.034647583961486816,0.1798858642578125,0.0841069445014
1210,0.11372750997543335,0.04200274124741554,0.09285484999418259,0.03494299575686455
1211,0.08484932780265808,0.027250533923506737,0.07823313027620316,0.025769734755158424
1212,0.0977337509393692,0.03351401165127754,0.07592694461345673,0.025970248505473137
1213,0.09523937106132507,0.031851526349782944,0.08859926462173462,0.03433534502983093
1214,0.09360868483781815,0.030437003821134567,0.08017220348119736,0.03207908198237419
1215,0.08824687451124191,0.029283281415700912,0.10070094466209412,0.04217357560992241
1216,0.08954528719186783,0.031003348529338837,0.081122487783432,0.029954109340906143
1217,0.10038648545742035,0.03577764704823494,0.10123971849679947,0.04102915897965431
1218,0.08446849882602692,0.02556026726961136,0.10463754832744598,0.04400341957807541
1219,0.09233136475086212,0.03182927519083023,0.1630045473575592,0.07071384787559509
1220,0.14014947414398193,0.058155231177806854,0.15871277451515198,0.05483930557966232
1221,0.10242296755313873,0.03404838219285011,0.07396739721298218,0.02320730686187744
1222,0.08718506991863251,0.030548997223377228,0.08805155009031296,0.029904192313551903
1223,0.08986227214336395,0.031145989894866943,0.08429718017578125,0.029044771566987038
1224,0.08578495681285858,0.02706943266093731,0.07388261705636978,0.022971399128437042
1225,0.08355394750833511,0.0253305546939373,0.09981328994035721,0.043662577867507935
1226,0.08307239413261414,0.024327954277396202,0.08949889987707138,0.03213399276137352
1227,0.08533566445112228,0.025294320657849312,0.07492095232009888,0.024618657305836678
1228,0.0881100445985794,0.029277723282575607,0.07909583300352097,0.026602614670991898
1229,0.08570604771375656,0.02840951271355152,0.07415679842233658,0.02581731043756008
1230,0.09718560427427292,0.032646145671606064,0.10998832434415817,0.044137999415397644
1231,0.09813877195119858,0.03631317988038063,0.0728616788983345,0.023572130128741264
1232,0.08293698728084564,0.026030385866761208,0.07822976261377335,0.026612667366862297
1233,0.08047157526016235,0.02451286092400551,0.11725085973739624,0.04997246339917183
1234,0.10557443648576736,0.04095494747161865,0.1978558897972107,0.07733253389596939
1235,0.11033111810684204,0.040618039667606354,0.07810762524604797,0.02754693478345871
1236,0.11370204389095306,0.04401139169931412,0.08103544265031815,0.027323873713612556
1237,0.1169576495885849,0.04408137872815132,0.26041579246520996,0.10099731385707855
1238,0.126021146774292,0.04752248153090477,0.15283966064453125,0.06556549668312073
1239,0.0986248031258583,0.033065345138311386,0.1121206060051918,0.04348594322800636
1240,0.09569485485553741,0.03314176946878433,0.07519719004631042,0.02388388104736805
1241,0.07812348753213882,0.022797131910920143,0.07400287687778473,0.022912831977009773
1242,0.08042581379413605,0.023249298334121704,0.07754810154438019,0.025631733238697052
1243,0.08107247203588486,0.024673951789736748,0.07479456067085266,0.02342832274734974
1244,0.08259928226470947,0.02598702162504196,0.06968624889850616,0.021614322438836098
1245,0.08077621459960938,0.025532642379403114,0.07305476069450378,0.023374147713184357
1246,0.07952091097831726,0.024526385590434074,0.09442972391843796,0.03852013498544693
1247,0.11007080972194672,0.0391562283039093,0.0802600309252739,0.02998361550271511
1248,0.10080576688051224,0.03318753093481064,0.09525660425424576,0.030911536887288094
1249,0.09320143610239029,0.03130285441875458,0.16409115493297577,0.0730709582567215
1250,0.128671795129776,0.05193307623267174,0.13530410826206207,0.056355878710746765
1251,0.10664696246385574,0.03952983021736145,0.1476229876279831,0.0571146123111248
1252,0.11702976375818253,0.04177812486886978,0.08894190937280655,0.03524832800030708
1253,0.08734603226184845,0.028810085728764534,0.1215663030743599,0.054028891026973724
1254,0.09554257988929749,0.033381517976522446,0.11489477008581161,0.04519404470920563
1255,0.08766631782054901,0.02786073461174965,0.33790305256843567,0.15442579984664917
1256,0.21919623017311096,0.09388387203216553,0.30193501710891724,0.08955138921737671
1257,0.20917370915412903,0.0841001346707344,0.12108902633190155,0.059788379818201065
1258,0.1439201533794403,0.060508016496896744,0.1351434588432312,0.050591252744197845
1259,0.10149431973695755,0.037550803273916245,0.09887655079364777,0.033658161759376526
1260,0.08290714770555496,0.025407686829566956,0.10230901092290878,0.043648358434438705
1261,0.09998886287212372,0.0350492037832737,0.0781402513384819,0.028173359110951424
1262,0.08580679446458817,0.02674577571451664,0.11201365292072296,0.04138791188597679
1263,0.09575224667787552,0.03158348798751831,0.08149927109479904,0.026939842849969864
1264,0.08657770603895187,0.028461681678891182,0.0796470046043396,0.028456559404730797
1265,0.08385809510946274,0.027534395456314087,0.10368301719427109,0.043858494609594345
1266,0.09516055136919022,0.03483719751238823,0.09958652406930923,0.035951972007751465
1267,0.09654352813959122,0.034356843680143356,0.08483465015888214,0.029560713097453117
1268,0.10314468294382095,0.037877850234508514,0.09837599843740463,0.03377842530608177
1269,0.08555743098258972,0.027517415583133698,0.08051452785730362,0.025049526244401932
1270,0.07893909513950348,0.023228567093610764,0.08310415595769882,0.030374355614185333
1271,0.07735096663236618,0.023008249700069427,0.09273340553045273,0.035118959844112396
1272,0.0902760922908783,0.027987651526927948,0.13774028420448303,0.05917144939303398
1273,0.10949524492025375,0.04114595055580139,0.07464232295751572,0.02520892582833767
1274,0.09822475910186768,0.03329435735940933,0.07931066304445267,0.026969222351908684
1275,0.08442682027816772,0.026368621736764908,0.08588240295648575,0.029284629970788956
1276,0.07746946066617966,0.021747739985585213,0.13259518146514893,0.0563974566757679
1277,0.10035406053066254,0.03777477517724037,0.10033553838729858,0.03955572843551636
1278,0.0992632806301117,0.033497001975774765,0.1865784078836441,0.07087748497724533
1279,0.26020121574401855,0.08992280066013336,0.10272390395402908,0.054319195449352264
1280,0.15043802559375763,0.059820957481861115,0.13215109705924988,0.05638299137353897
1281,0.1015375405550003,0.03804352506995201,0.11360275000333786,0.046466294676065445
1282,0.09653278440237045,0.03386395424604416,0.1214536502957344,0.05168189853429794
1283,0.09151094406843185,0.03172793984413147,0.07340864837169647,0.022681372240185738
1284,0.08317863941192627,0.025557132437825203,0.07398607581853867,0.023019032552838326
1285,0.07825878262519836,0.02292199432849884,0.07321044057607651,0.022869184613227844
1286,0.07605802267789841,0.02155560813844204,0.07067056000232697,0.02297128178179264
1287,0.075198695063591,0.021160082891583443,0.09648922085762024,0.03567465394735336
1288,0.1049191877245903,0.039305321872234344,0.08797352015972137,0.033369630575180054
1289,0.09028328210115433,0.03123023733496666,0.07607832551002502,0.023026086390018463
1290,0.07732399553060532,0.022369511425495148,0.07953929156064987,0.02685171365737915
1291,0.082739919424057,0.026214197278022766,0.190566286444664,0.08467672020196915
1292,0.13430170714855194,0.05599422752857208,0.10661883652210236,0.04487280547618866
1293,0.09265068173408508,0.03456709906458855,0.08405648916959763,0.02950510010123253
1294,0.08791057765483856,0.0286647230386734,0.0764322429895401,0.0252370648086071
1295,0.12403615564107895,0.04856254532933235,0.12445253133773804,0.05239380896091461
1296,0.09380128979682922,0.033555254340171814,0.0778692215681076,0.024819230660796165
1297,0.08946685492992401,0.02911553531885147,0.07559288293123245,0.024296753108501434
1298,0.08219781517982483,0.0259037297219038,0.2170824557542801,0.09596467763185501
1299,0.1321297436952591,0.05482390150427818,0.0836481973528862,0.03203262388706207
1300,0.08410751819610596,0.025129862129688263,0.07655104994773865,0.027341950684785843
1301,0.0944904088973999,0.03280574083328247,0.11538930982351303,0.0426139272749424
1302,0.11347974836826324,0.04515329748392105,0.08991170674562454,0.03374816104769707
1303,0.09362198412418365,0.03241884708404541,0.12603329122066498,0.04830536991357803
1304,0.09223821014165878,0.030585533007979393,0.13015177845954895,0.04997967556118965
1305,0.09623663127422333,0.03232521191239357,0.07437889277935028,0.02451717108488083
1306,0.0792817771434784,0.02413504756987095,0.0842151865363121,0.032537661492824554
1307,0.0821848213672638,0.024865899235010147,0.11700286716222763,0.047056764364242554
1308,0.09679524600505829,0.03311093896627426,0.10675738006830215,0.044997140765190125
1309,0.09474219381809235,0.0323684997856617,0.08128342032432556,0.023942558094859123
1310,0.08595689386129379,0.027855847030878067,0.10474415123462677,0.037220265716314316
1311,0.13006098568439484,0.049254197627305984,0.08938780426979065,0.035519372671842575
1312,0.13068649172782898,0.051982346922159195,0.08572347462177277,0.034770358353853226
1313,0.09187512844800949,0.03027043491601944,0.08270662277936935,0.027601469308137894
1314,0.07654158025979996,0.023273086175322533,0.06804206967353821,0.022926706820726395
1315,0.07757808268070221,0.023447955027222633,0.11453764140605927,0.048997145146131516
1316,0.09725457429885864,0.03615321218967438,0.07593325525522232,0.023158585652709007
1317,0.08139905333518982,0.023452792316675186,0.06905891001224518,0.021565837785601616
1318,0.07999689131975174,0.022827627137303352,0.25782763957977295,0.10919859260320663
1319,0.1638917773962021,0.06163456663489342,0.10605818033218384,0.046534463763237
1320,0.0967148020863533,0.03519477695226669,0.07392913103103638,0.025200046598911285
1321,0.0764680877327919,0.022918323054909706,0.08457162976264954,0.031179742887616158
1322,0.08238402754068375,0.02631777711212635,0.11291990429162979,0.046360328793525696
1323,0.0906752496957779,0.030320802703499794,0.07041007280349731,0.02121879905462265
1324,0.08053050935268402,0.024288030341267586,0.07780363410711288,0.023805592209100723
1325,0.07756657898426056,0.02407190203666687,0.09631726890802383,0.03576680272817612
1326,0.08946887403726578,0.029246751219034195,0.06921019405126572,0.02015083283185959
1327,0.08175510168075562,0.024385476484894753,0.09931951761245728,0.03313470259308815
1328,0.09245304763317108,0.028773142024874687,0.06799967586994171,0.020973818376660347
1329,0.07964443415403366,0.023531096056103706,0.06676512956619263,0.020970942452549934
1330,0.07572846114635468,0.022791244089603424,0.11740491539239883,0.05003293603658676
1331,0.08284565061330795,0.02691624127328396,0.06932524591684341,0.022067628800868988
1332,0.08774911612272263,0.028120730072259903,0.08569557964801788,0.034897852689027786
1333,0.09047379344701767,0.031941138207912445,0.08331524580717087,0.028471799567341805
1334,0.10418017208576202,0.03699013590812683,0.183507040143013,0.07386115938425064
1335,0.11989729106426239,0.04544789716601372,0.09913663566112518,0.03927750140428543
1336,0.08215781301259995,0.024594925343990326,0.08370067924261093,0.026118440553545952
1337,0.0798119306564331,0.025067200884222984,0.07447889447212219,0.02347283437848091
1338,0.07382505387067795,0.020415255799889565,0.13584965467453003,0.056744325906038284
1339,0.09776480495929718,0.03441331908106804,0.0816282108426094,0.029035009443759918
1340,0.09378858655691147,0.030403871089220047,0.2153037041425705,0.08711643517017365
1341,0.14555446803569794,0.05537635087966919,0.1094338595867157,0.04608263447880745
1342,0.0911613181233406,0.028643889352679253,0.11112069338560104,0.0449584499001503
1343,0.09367861598730087,0.03096272237598896,0.09178654849529266,0.031194763258099556
1344,0.08257465809583664,0.025438759475946426,0.15496596693992615,0.06868082284927368
1345,0.12868523597717285,0.04883517324924469,0.09038139134645462,0.03054417297244072
1346,0.08428151160478592,0.024669526144862175,0.07511315494775772,0.0238136388361454
1347,0.07574482262134552,0.022378407418727875,0.07015343010425568,0.022191422060132027
1348,0.07367467880249023,0.020686212927103043,0.06825687736272812,0.021165186539292336
1349,0.08381734043359756,0.02662326581776142,0.10125818848609924,0.04428999498486519
1350,0.08140765130519867,0.024173391982913017,0.06885535269975662,0.022058358415961266
1351,0.07775074988603592,0.023447707295417786,0.07509627938270569,0.021493088454008102
1352,0.0748264491558075,0.021949434652924538,0.0690273866057396,0.02075604908168316
1353,0.07311217486858368,0.02078159712255001,0.06689419597387314,0.021151823922991753
1354,0.07503630965948105,0.022250734269618988,0.06728626042604446,0.02032465673983097
1355,0.0778288021683693,0.024783039465546608,0.06867139041423798,0.02046729065477848
1356,0.07672946155071259,0.02231324091553688,0.06856521964073181,0.02118864469230175
1357,0.07483681291341782,0.024455873295664787,0.06771694868803024,0.020968861877918243
1358,0.0865442305803299,0.02605287730693817,0.0774579644203186,0.030056113377213478
1359,0.08684483170509338,0.0280307624489069,0.07566647231578827,0.025408940389752388
1360,0.11205825954675674,0.037417784333229065,0.09651706367731094,0.03758365288376808
1361,0.08990196883678436,0.027884190902113914,0.07840751856565475,0.02531481347978115
1362,0.0766461193561554,0.022331787273287773,0.09319709986448288,0.03179251030087471
1363,0.09544740617275238,0.03298255428671837,0.07071458548307419,0.02297610230743885
1364,0.07775263488292694,0.02375027909874916,0.2531695067882538,0.10763175785541534
1365,0.1704929620027542,0.06781720370054245,0.15744777023792267,0.061754193156957626
1366,0.11956469714641571,0.04401276633143425,0.12763790786266327,0.05619757995009422
1367,0.0988137274980545,0.036209989339113235,0.0813755989074707,0.028068536892533302
1368,0.0845927968621254,0.027129342779517174,0.13167263567447662,0.06155438721179962
1369,0.07831352949142456,0.02520187385380268,0.07463376224040985,0.024540089070796967
1370,0.07854514569044113,0.022239524871110916,0.0911545380949974,0.030357414856553078
1371,0.11425624787807465,0.040562231093645096,0.08315058052539825,0.02422371134161949
1372,0.07854818552732468,0.023015862330794334,0.07813593000173569,0.02476504258811474
1373,0.10078048706054688,0.03056040219962597,0.11757165193557739,0.051314935088157654
1374,0.09188438951969147,0.0311944130808115,0.07987002283334732,0.023092251271009445
1375,0.07611741870641708,0.021634789183735847,0.08129668980836868,0.02462124265730381
1376,0.08202888816595078,0.026525449007749557,0.23641608655452728,0.08612060546875
1377,0.1847584843635559,0.07985063642263412,0.11203064024448395,0.051873184740543365
1378,0.10736767947673798,0.037661924958229065,0.10654100775718689,0.036947593092918396
1379,0.09235240519046783,0.031082922592759132,0.17253489792346954,0.059301309287548065
1380,0.10217677056789398,0.03536565601825714,0.2267257124185562,0.1027747094631195
1381,0.161379873752594,0.06321733444929123,0.23171821236610413,0.0767168402671814
1382,0.13187603652477264,0.050128042697906494,0.07379985600709915,0.026242705062031746
1383,0.09188772737979889,0.029839547351002693,0.0878598615527153,0.0356483981013298
1384,0.10041205585002899,0.03305434808135033,0.125348761677742,0.04942142963409424
1385,0.09564158320426941,0.033444225788116455,0.07229059934616089,0.024292051792144775
1386,0.08884192258119583,0.02747482806444168,0.06902065128087997,0.023057010024785995
1387,0.07435422390699387,0.021300457417964935,0.083430215716362,0.03246893361210823
1388,0.08051374554634094,0.02484361082315445,0.07081770151853561,0.024197528138756752
1389,0.07619770616292953,0.021899526938796043,0.08405661582946777,0.03086884319782257
1390,0.0792313665151596,0.022161174565553665,0.07258699089288712,0.02532160095870495
1391,0.07604949921369553,0.021401971578598022,0.07117745280265808,0.0245960783213377
1392,0.07313422113656998,0.020567243918776512,0.29095005989074707,0.1207481399178505
1393,0.149333655834198,0.06364567577838898,0.09423279762268066,0.038735195994377136
1394,0.08457239717245102,0.02460433728992939,0.07658104598522186,0.02415081299841404
1395,0.07478541135787964,0.02127295359969139,0.08530455827713013,0.03235205262899399
1396,0.07224613428115845,0.021331192925572395,0.1351669430732727,0.05671373009681702
1397,0.09810388088226318,0.03155861794948578,0.08524074405431747,0.028573613613843918
1398,0.08803675323724747,0.028200732544064522,0.07024931907653809,0.025546051561832428
1399,0.08888214826583862,0.027689404785633087,0.08478206396102905,0.0315866656601429
1400,0.07632047683000565,0.02221139706671238,0.0906510129570961,0.0362384095788002
1401,0.07559482753276825,0.022358452901244164,0.07930261641740799,0.027225475758314133
1402,0.07826291769742966,0.023000629618763924,0.12434378266334534,0.05223849415779114
1403,0.10650260001420975,0.0344214141368866,0.10633693635463715,0.03721841797232628
1404,0.09936800599098206,0.037628594785928726,0.11216899007558823,0.04647739976644516
1405,0.1001693457365036,0.036272451281547546,0.09431903809309006,0.03262804448604584
1406,0.10971937328577042,0.0386037714779377,0.08197271078824997,0.030067330226302147
1407,0.09180818498134613,0.029300441965460777,0.13712705671787262,0.0513295941054821
1408,0.11322220414876938,0.04405207559466362,0.10574010014533997,0.032370977103710175
1409,0.08449649065732956,0.026611963286995888,0.06706247478723526,0.023068808019161224
1410,0.08471353352069855,0.027402721345424652,0.1730487048625946,0.06842084974050522
1411,0.1084708496928215,0.039214592427015305,0.18379320204257965,0.07793217897415161
1412,0.14680349826812744,0.05424979701638222,0.08387944847345352,0.031142590567469597
1413,0.09192853420972824,0.02757696807384491,0.12578773498535156,0.046459607779979706
1414,0.10683470219373703,0.03725174441933632,0.09170568734407425,0.03705094754695892
1415,0.11677362024784088,0.041762575507164,0.10538496822118759,0.0453813411295414
1416,0.08597131818532944,0.027689220383763313,0.06706389784812927,0.022602863609790802
1417,0.07548407465219498,0.022207431495189667,0.07309514284133911,0.019915249198675156
1418,0.07227520644664764,0.021238867193460464,0.0646275207400322,0.02133817970752716
1419,0.07611363381147385,0.02194402553141117,0.06496943533420563,0.018738897517323494
1420,0.06992431730031967,0.01901157945394516,0.06951617449522018,0.021790146827697754
1421,0.07397567480802536,0.021055523306131363,0.1021844670176506,0.04115621745586395
1422,0.12670692801475525,0.045603539794683456,0.07877857238054276,0.03329122066497803
1423,0.09155410528182983,0.03019242361187935,0.09182840585708618,0.03295217454433441
1424,0.08776002377271652,0.029310472309589386,0.1576470285654068,0.06644599884748459
1425,0.12322685122489929,0.04843861982226372,0.07478278875350952,0.029929544776678085
1426,0.08226081728935242,0.025799721479415894,0.10206838697195053,0.04562666267156601
1427,0.09723831713199615,0.03544940799474716,0.0712302103638649,0.02424473688006401
1428,0.09357267618179321,0.031149139627814293,0.06733488291501999,0.02068406343460083
1429,0.09929969906806946,0.03693121299147606,0.06649892777204514,0.020461255684494972
1430,0.0761364996433258,0.022532396018505096,0.0760413333773613,0.023207785561680794
1431,0.07394001632928848,0.021008210256695747,0.05992012098431587,0.018337896093726158
1432,0.07503476738929749,0.021459316834807396,0.08955128490924835,0.030985508114099503
1433,0.08736302703619003,0.028379561379551888,0.07050254940986633,0.020176203921437263
1434,0.07350707054138184,0.021655350923538208,0.06907528638839722,0.024479234591126442
1435,0.07426957041025162,0.021359460428357124,0.13083940744400024,0.053241051733493805
1436,0.0855003073811531,0.02685779146850109,0.06512418389320374,0.018911683931946754
1437,0.07823612540960312,0.02199256420135498,0.0804000198841095,0.03148146718740463
1438,0.07493889331817627,0.022890541702508926,0.08269056677818298,0.02718466706573963
1439,0.07595562189817429,0.02249499224126339,0.06526677310466766,0.019665826112031937
1440,0.0714850127696991,0.020016925409436226,0.06608131527900696,0.019539229571819305
1441,0.07211975008249283,0.020633749663829803,0.061528727412223816,0.017848927527666092
1442,0.08534561842679977,0.026242733001708984,0.08525970578193665,0.02676193229854107
1443,0.08491025120019913,0.02640928141772747,0.15734541416168213,0.06075263023376465
1444,0.0944182425737381,0.0297821294516325,0.06751825660467148,0.02019125409424305
1445,0.10464359819889069,0.028743499889969826,0.09399376809597015,0.03938647732138634
1446,0.11225664615631104,0.038209203630685806,0.08068867027759552,0.02907901257276535
1447,0.08502413332462311,0.02574242278933525,0.10067230463027954,0.034233417361974716
1448,0.07981904596090317,0.025997178629040718,0.13818159699440002,0.05873575061559677
1449,0.10699369013309479,0.03693920001387596,0.07224182784557343,0.02144450880587101
1450,0.10347520560026169,0.03646021708846092,0.07078547775745392,0.021854570135474205
1451,0.08954516053199768,0.031595900654792786,0.06386959552764893,0.020524345338344574
1452,0.06913605332374573,0.0188602264970541,0.09453341364860535,0.03885849937796593
1453,0.07909423112869263,0.023099379613995552,0.10131505876779556,0.038115669041872025
1454,0.07995393872261047,0.022732026875019073,0.081100694835186,0.029565393924713135
1455,0.08261384069919586,0.025094617158174515,0.10856857150793076,0.03904983028769493
1456,0.08737993240356445,0.029989710077643394,0.0678965151309967,0.02262439951300621
1457,0.08356865495443344,0.024928590282797813,0.0837736502289772,0.03240431845188141
1458,0.0903148427605629,0.0286483783274889,0.21177560091018677,0.09069542586803436
1459,0.14379119873046875,0.058405425399541855,0.11122922599315643,0.044610366225242615
1460,0.14734184741973877,0.05580974742770195,0.09467431902885437,0.03573346510529518
1461,0.13122299313545227,0.05479935184121132,0.20293141901493073,0.0642535388469696
1462,0.12394170463085175,0.04620158672332764,0.11417687684297562,0.049925655126571655
1463,0.11823518574237823,0.04740062355995178,0.09162960201501846,0.03770020604133606
1464,0.08014264702796936,0.024996036663651466,0.06666326522827148,0.018571622669696808
1465,0.08383377641439438,0.02753259241580963,0.216588094830513,0.09179200977087021
1466,0.13848204910755157,0.056454893201589584,0.08177265524864197,0.02969142235815525
1467,0.11244576424360275,0.04350053519010544,0.10477371513843536,0.03875577822327614
1468,0.08766859024763107,0.02886132523417473,0.0720662772655487,0.02190360613167286
1469,0.07263437658548355,0.02080598659813404,0.07780436426401138,0.02459132671356201
1470,0.07753346860408783,0.0239657461643219,0.06437131762504578,0.018711967393755913
1471,0.07023770362138748,0.01937158592045307,0.15926006436347961,0.06518109142780304
1472,0.11838359385728836,0.043135691434144974,0.23397189378738403,0.10029733926057816
1473,0.2071743905544281,0.08016830682754517,0.10395776480436325,0.04124250262975693
1474,0.10455649346113205,0.03966929391026497,0.19541248679161072,0.09003061056137085
1475,0.11644832044839859,0.044622380286455154,0.08495713025331497,0.03184789791703224
1476,0.10792118310928345,0.03924873471260071,0.16390560567378998,0.06458811461925507
1477,0.1257832795381546,0.04709067940711975,0.07377827912569046,0.02818814106285572
1478,0.07627089321613312,0.023226894438266754,0.07043947279453278,0.020826436579227448
1479,0.07115737348794937,0.019412385299801826,0.07929310202598572,0.024693436920642853
1480,0.07987344264984131,0.02500489167869091,0.07879290729761124,0.030541429296135902
1481,0.08921054750680923,0.029945077374577522,0.14917641878128052,0.062287379056215286
1482,0.0857650637626648,0.027349600568413734,0.09556208550930023,0.03115883097052574
1483,0.08862913399934769,0.025006629526615143,0.06841898709535599,0.023576049134135246
1484,0.07499893009662628,0.021708868443965912,0.07530894875526428,0.025625118985772133
1485,0.0743090882897377,0.02252364531159401,0.12026196718215942,0.051173850893974304
1486,0.08389993757009506,0.026644691824913025,0.06999264657497406,0.02442975714802742
1487,0.0783427506685257,0.023681558668613434,0.07134230434894562,0.023322196677327156
1488,0.08261477202177048,0.024367868900299072,0.08609987050294876,0.03377409279346466
1489,0.0763872042298317,0.02189686708152294,0.06618866324424744,0.021089758723974228
1490,0.07108466327190399,0.018898315727710724,0.0913628414273262,0.03711002320051193
1491,0.082563117146492,0.02701636776328087,0.06497582048177719,0.020695677027106285
1492,0.07072312384843826,0.01991887204349041,0.07450509816408157,0.021004509180784225
1493,0.08908724784851074,0.031114906072616577,0.09321872889995575,0.036985039710998535
1494,0.0964568480849266,0.03379213437438011,0.08373375236988068,0.029877319931983948
1495,0.08034723252058029,0.025937652215361595,0.06491794437170029,0.019504690542817116
1496,0.06797928363084793,0.018257316201925278,0.0640869140625,0.01899782009422779
1497,0.07002720981836319,0.01937195472419262,0.13584069907665253,0.05616915598511696
1498,0.1068793386220932,0.0406048409640789,0.07107968628406525,0.028357435017824173
1499,0.0790153443813324,0.026027340441942215,0.07144329696893692,0.022336697205901146
